date,price,price_target,price_target_upside,forward_pe_ratio,forward_pe_ratio:median:3,forward_ps_ratio,forward_ps_ratio:median:3,market_cap,sales_est_2fy_avg,eps_est_2fy_avg,eps_est_2y_num_est,eps_est_long_term_growth_num_est,eps_est_long_term_growth,cfo_per_share_est_2fy_avg,price_target_upside_mean_upper,price_target_upside_std_upper,price_target_upside_mean_lower,price_target_upside_std_lower,price_target_upside_upper_band,price_target_upside_lower_band
2012-04-10,12.48,13.564,8.6859,13.0544,9.8843,1.506,1.4255,5147019508.8,1.1573,10.3797,5.0,3.0,10.6667,4.6539,9.03566111111111,4.038601958765854,7.331779365079364,2.5354332201758805,13.074263069876965,4.796346144903484
2012-04-11,12.6,13.564,7.6508,13.1799,9.8844,1.5205,1.426,5196510081.0,1.1573,10.3797,5.0,3.0,10.6667,4.6539,9.031534126984129,4.038952939456351,7.293304761904762,2.492824780456458,13.07048706644048,4.800479981448305
2012-04-12,12.62,13.564,7.4802,13.1857,9.8955,1.5408,1.4271,5204758509.7,1.2259,10.3932,5.0,3.0,10.6667,4.6539,9.029654365079368,4.039455006832896,7.240405555555555,2.415784236104196,13.069109371912262,4.824621319451359
2012-04-13,12.57,13.5127,7.4996,13.1485,9.9146,1.5347,1.4272,5184137437.95,1.2259,10.4032,5.0,3.0,10.6667,4.6539,9.026786309523809,4.040028280099899,7.190963492063492,2.344619552681662,13.066814589623707,4.84634393938183
2012-04-16,12.63,13.5127,6.9889,13.2016,9.9346,1.542,1.4272,5208882724.05,1.2259,10.4052,5.0,3.0,10.6667,4.6539,9.021607539682542,4.040966110029651,7.140747619047619,2.2792295406902165,13.062573649712192,4.861518078357403
2012-04-17,12.68,13.5127,6.567,13.2539,9.9355,1.5481,1.4288,5229503795.8,1.2259,10.4052,5.0,3.0,10.6667,4.6539,9.01817123015873,4.042318049710525,7.1008587301587305,2.244401151141174,13.060489279869255,4.856457579017556
2012-04-18,12.67,13.5127,6.6511,13.2434,9.9458,1.5469,1.4303,5225379581.45,1.2259,10.4052,5.0,3.0,10.6667,4.6539,9.016168650793652,4.043241931788826,7.055253968253968,2.193727429947664,13.059410582582478,4.861526538306304
2012-04-19,12.85,13.5127,5.1572,13.4316,9.956,1.5689,1.431,5299615439.75,1.2259,10.4052,5.0,3.0,10.6667,4.6539,9.010697023809524,4.046599788268235,7.005757142857143,2.16522689787219,13.05729681207776,4.8405302449849525
2012-04-20,12.86,13.5127,5.0754,13.4872,9.9631,1.5701,1.4317,5303739654.1,1.2259,10.4133,5.0,3.0,10.6667,4.6539,9.003790079365078,4.050345702721116,6.967295238095238,2.1560402314562226,13.054135782086195,4.811255006639016
2012-04-23,12.83,13.5127,5.3211,13.4557,10.0072,1.5664,1.432,5291367011.05,1.2259,10.4133,5.0,3.0,10.6667,4.6539,8.99813630952381,4.05349858626813,6.953977777777777,2.161018806910963,13.05163489579194,4.792958970866815
2012-04-24,12.91,13.5127,4.6685,13.5396,10.0077,1.5762,1.4321,5324360725.85,1.2259,10.4133,5.0,3.0,10.6667,4.6539,8.991441666666667,4.057863793584774,6.960914285714286,2.152180906549202,13.04930546025144,4.808733379165084
2012-04-25,13.02,13.5127,3.7842,13.655,10.0082,1.5936,1.4324,5383055774.88,1.2259,10.4133,5.0,3.0,10.6667,4.6539,8.969448412698412,4.055984042880443,6.968975396825397,2.138209195104749,13.025432455578857,4.830766201720648
2012-04-26,13.05,13.7948,5.7073,13.3654,10.0184,1.4687,1.4329,5395459129.2,2.8125,10.9676,6.0,4.0,9.95,4.6539,8.956413888888887,4.055890438896432,6.980715079365079,2.12707194383534,13.01230432778532,4.853643135529739
2012-04-27,13.08,13.7948,5.4648,13.3756,10.0277,1.4653,1.4332,5407862483.52,3.2436,11.343,6.0,4.0,9.95,4.6539,8.943689087301587,4.056766156147763,6.970928571428571,2.131216231539588,13.00045524344935,4.839712339888983
2012-04-30,13.09,13.7948,5.3843,13.3708,10.0492,1.4664,1.4338,5411996934.96,3.2436,11.5988,6.0,4.0,9.95,4.6539,8.929483333333334,4.056669441786008,6.972283333333333,2.130144189401426,12.986152775119342,4.842139143931908
2012-05-01,13.04,13.7948,5.7883,13.3211,10.0543,1.4608,1.4343,5391324677.76,3.2436,11.6444,6.0,4.0,9.95,4.6539,8.91554623015873,4.055368216578293,6.974102380952381,2.129025309251852,12.970914446737025,4.845077071700529
2012-05-02,13.12,13.7948,5.1433,13.4028,10.0594,1.4689,1.4344,5424400289.28,3.295,11.641,6.0,4.0,9.95,4.6539,8.897351984126985,4.051672225795696,6.95752619047619,2.135124076289064,12.94902420992268,4.822402114187126
2012-05-03,13.08,13.7948,5.4648,13.3619,10.0697,1.4645,1.4352,5407862483.52,3.295,11.641,6.0,4.0,9.95,4.6539,8.881699404761903,4.049659915026855,6.9171579365079365,2.1146210319338947,12.931359319788758,4.802536904574042
2012-05-04,13.03,13.7948,5.8695,13.3109,10.0697,1.4589,1.4359,5387190226.32,3.295,11.641,6.0,4.0,9.95,4.6539,8.861888492063493,4.039893441071824,6.903496825396825,2.115794020671791,12.901781933135316,4.7877028047250345
2012-05-07,12.97,13.7948,6.3593,13.232,10.0722,1.4491,1.4373,5362383517.68,3.5035,11.9013,6.0,4.0,9.95,4.6539,8.84163234126984,4.026748921028918,6.893468253968254,2.1153514684668333,12.868381262298758,4.778116785501421
2012-05-08,12.93,13.7948,6.6883,13.1912,10.076,1.4447,1.4374,5345845711.92,3.5035,11.9013,6.0,4.0,9.95,4.6539,8.826503571428573,4.020469738361994,6.888897619047619,2.115166185715663,12.846973309790569,4.773731433331957
2012-05-09,12.86,13.7948,7.2691,13.1198,10.0799,1.4368,1.4373,5316904551.84,3.5035,11.4898,7.0,4.0,9.95,4.6539,8.814700198412698,4.016281733227383,6.891059523809524,2.1154164464590024,12.830981931640082,4.775643077350521
2012-05-10,13.08,13.7948,5.4648,13.3442,10.0825,1.4614,1.4374,5407862483.52,3.5035,11.4898,7.0,4.0,9.95,4.6539,8.802588888888888,4.017163307667818,6.890734920634921,2.115633852416683,12.819752196556706,4.775101068218238
2012-05-11,13.12,13.7948,5.1433,13.385,10.0825,1.4659,1.4374,5424400289.28,3.5035,11.4898,7.0,4.0,9.95,4.6539,8.789839682539682,4.018562624463159,6.87390238095238,2.121068932758893,12.80840230700284,4.752833448193487
2012-05-14,12.89,13.7948,7.0194,13.1504,10.0901,1.4402,1.4386,5329307906.16,3.5035,11.4898,7.0,4.0,9.95,4.6539,8.777101388888891,4.013967327577149,6.866246031746031,2.118769306768623,12.79106871646604,4.747476724977409
2012-05-15,13.01,13.7948,6.0323,13.2728,10.0914,1.4536,1.4387,5378921323.44,3.5035,11.4898,7.0,4.0,9.95,4.6539,8.763744246031745,4.0118732619447375,6.873842857142858,2.1140064562033,12.775617507976484,4.759836400939558
2012-05-16,12.97,13.7948,6.3593,13.232,10.0928,1.4491,1.4391,5362383517.68,3.5035,11.4898,7.0,4.0,9.95,4.6539,8.748612698412698,4.006517327994509,6.883353968253968,2.1089278700099703,12.755130026407208,4.774426098243998
2012-05-17,13.05,13.7948,5.7073,13.3136,10.1004,1.4581,1.4398,5395459129.2,3.5035,11.4898,7.0,4.0,9.95,4.6539,8.732730555555557,4.002666935223666,6.889051587301588,2.1047357004522262,12.735397490779224,4.784315886849361
2012-05-18,12.81,13.7948,7.6877,13.0688,10.1106,1.4313,1.4398,5296232294.64,3.5035,11.4898,7.0,4.0,9.95,4.6539,8.71263988095238,3.982358069467885,6.899283333333334,2.105465371370582,12.694997950420266,4.793817961962752
2012-05-21,12.83,13.7948,7.5199,13.0892,10.1106,1.4335,1.4402,5304501197.52,3.5035,11.4898,7.0,4.0,9.95,4.6539,8.691633333333334,3.960568038179577,6.894790476190476,2.1035158738619577,12.652201371512913,4.791274602328518
2012-05-22,12.86,13.7948,7.2691,13.1198,10.126,1.4368,1.4401,5316904551.84,3.5035,11.4898,7.0,4.0,9.95,4.6539,8.668658928571427,3.935036489098462,6.900309523809524,2.1035789493692016,12.603695417669888,4.796730574440322
2012-05-23,12.92,13.7948,6.7709,13.181,10.1414,1.4435,1.4402,5341711260.48,3.5035,11.4898,7.0,4.0,9.95,4.6539,8.646749206349206,3.914707671055448,6.89130238095238,2.1016680290652348,12.561456877404654,4.789634351887146
2012-05-24,12.87,13.7948,7.1857,13.13,10.1584,1.438,1.4402,5321039003.28,3.5035,11.4898,7.0,4.0,9.95,4.6539,8.625952777777778,3.894481195913035,6.880561904761905,2.0966321384109823,12.520433973690814,4.783929766350923
2012-05-25,12.77,13.7948,8.0251,13.028,10.1686,1.4268,1.4402,5279694488.88,3.5035,11.4898,7.0,4.0,9.95,4.6539,8.611927976190476,3.883856651757706,6.853502380952381,2.05905169533816,12.495784627948185,4.794450685614221
2012-05-29,12.78,13.8204,8.1408,13.0382,10.1721,1.4279,1.4402,5283828940.32,3.5035,11.4898,7.0,4.0,9.95,4.6539,8.596455753968254,3.870118622021225,6.860334126984127,2.061904148467309,12.466574375989476,4.798429978516818
2012-05-30,12.57,13.8204,9.9475,12.8239,10.1721,1.4044,1.4402,5197005460.08,3.5035,11.4898,7.0,4.0,9.95,4.6539,8.57967996031746,3.845776260013397,6.886552380952381,2.0800543653556147,12.425456220330856,4.806498015596766
2012-05-31,12.74,13.9047,9.1421,12.9696,10.1721,1.4234,1.4402,5267291134.56,3.5035,11.5052,7.0,4.0,9.95,4.6539,8.5650626984127,3.8295437409143056,6.913948412698412,2.0868923077816266,12.394606439327005,4.827056104916785
2012-06-01,12.54,13.9047,10.8828,12.766,10.1823,1.4011,1.4402,5184602105.76,3.5035,11.5052,7.0,4.0,9.95,4.6539,8.553329166666666,3.81329806825252,6.97448015873016,2.0905463315037616,12.366627234919186,4.883933827226398
2012-06-04,12.45,13.9047,11.6843,12.6743,10.1926,1.391,1.4408,5147392042.8,3.5035,11.5052,7.0,4.0,9.95,4.6539,8.539410714285715,3.7889164121808303,7.034811904761905,2.1159550455569227,12.328327126466544,4.918856859204983
2012-06-05,12.5,13.9047,11.2376,12.7252,10.1928,1.3966,1.4402,5168064300.0,3.5035,11.5052,7.0,4.0,9.95,4.6539,8.523120833333333,3.7594591529482417,7.087611111111111,2.137228713085291,12.282579986281576,4.95038239802582
2012-06-06,12.7,13.9047,9.4858,12.9288,10.193,1.419,1.4402,5250753328.8,3.5035,11.5052,7.0,4.0,9.95,4.6539,8.50542896825397,3.733767791482191,7.126507142857142,2.135912812796726,12.23919675973616,4.990594330060416
2012-06-07,12.74,13.9047,9.1421,12.9696,10.2017,1.4234,1.4402,5267291134.56,3.5035,11.5052,7.0,4.0,9.95,4.6539,8.486170833333333,3.705237693596209,7.171857142857143,2.117337890897251,12.19140852692954,5.054519251959892
2012-06-08,12.81,13.9047,8.5457,13.0408,10.2095,1.4313,1.4402,5296232294.64,3.5035,11.5052,7.0,4.0,9.95,4.6539,8.471501984126984,3.690278711741697,7.210499206349207,2.097377111441815,12.161780695868682,5.113122094907391
2012-06-11,12.68,13.9047,9.6585,12.9085,10.2277,1.4167,1.4408,5242484425.92,3.5035,11.5052,7.0,4.0,9.95,4.6539,8.46044027777778,3.678305178668585,7.247277777777777,2.0993657823597265,12.138745456446363,5.147911995418051
2012-06-12,12.67,13.9047,9.7451,12.8983,10.2288,1.4156,1.4402,5238349974.48,3.5035,11.5052,7.0,4.0,9.95,4.6539,8.449828174603175,3.66682756381904,7.2954388888888895,2.0863664764168823,12.116655738422214,5.209072412472008
2012-06-13,12.58,13.9047,10.5302,12.8577,10.2315,1.4056,1.4402,5201139911.52,3.5035,11.4846,7.0,4.0,9.95,4.6539,8.44750615079365,3.665135135301517,7.336419047619048,2.098852408216196,12.112641286095169,5.237566639402852
2012-06-14,12.55,13.9047,10.7944,12.8271,10.2334,1.4022,1.4402,5188736557.2,3.5035,11.4846,7.0,4.0,9.95,4.6539,8.445708333333334,3.6637582794866375,7.369146031746031,2.120428842462007,12.109466612819972,5.248717189284024
2012-06-15,12.37,13.9047,12.4066,12.6431,10.2369,1.3821,1.4402,5114316431.28,3.5035,11.4846,7.0,4.0,9.95,4.6539,8.450961507936508,3.667541188270484,7.416062698412698,2.165847543359896,12.118502696206992,5.2502151550528025
2012-06-18,12.29,13.9047,13.1383,12.5613,10.2504,1.3732,1.4408,5081240819.76,3.5035,11.4846,7.0,4.0,9.95,4.6539,8.458420833333333,3.673250783574171,7.47363253968254,2.2205272580297977,12.131671616907504,5.253105281652742
2012-06-19,12.5,13.9047,11.2376,12.776,10.2504,1.3966,1.4402,5168064300.0,3.5035,11.4846,7.0,4.0,9.95,4.6539,8.45982996031746,3.674182165057006,7.524296031746031,2.233068245957736,12.134012125374468,5.291227785788296
2012-06-20,12.7,13.9047,9.4858,12.9804,10.2504,1.419,1.4402,5250753328.8,3.5035,11.4846,7.0,4.0,9.95,4.6539,8.456992857142858,3.672833856639534,7.549422222222223,2.237215420826267,12.129826713782393,5.312206801395956
2012-06-21,12.47,13.9047,11.5052,12.7453,10.2522,1.3933,1.4402,5155660945.68,3.5035,11.4846,7.0,4.0,9.95,4.6539,8.457126984126983,3.672944153501049,7.595404761904762,2.258574848699456,12.130071137628033,5.336829913205306
2012-06-22,12.56,13.9047,10.7062,12.8373,10.2624,1.4033,1.4402,5192871008.64,3.5035,11.4846,7.0,4.0,9.95,4.6539,8.45489265873016,3.6712290004795167,7.642525396825397,2.2610683526135307,12.126121659209677,5.381457044211867
2012-06-25,12.52,13.9047,11.0599,12.7964,10.281,1.3989,1.4408,5176333202.88,3.5035,11.4846,7.0,4.0,9.95,4.6539,8.454920833333333,3.671248977421325,7.689748412698413,2.269866130809939,12.126169810754655,5.419882281888475
2012-06-26,12.65,13.9047,9.9186,12.9293,10.2913,1.4134,1.4402,5230081071.6,3.5035,11.4846,7.0,4.0,9.95,4.6539,8.451646428571427,3.66920146701077,7.741261111111111,2.245898418040356,12.120847895582198,5.495362693070755
2012-06-27,12.85,13.9047,8.2078,13.1337,10.2913,1.4357,1.4402,5312770100.4,3.5035,11.4846,7.0,4.0,9.95,4.6539,8.44126607142857,3.662456695919104,7.782466666666667,2.205778137166251,12.103722767347673,5.576688529500416
2012-06-28,12.99,13.9047,7.0416,13.2768,10.2913,1.4718,1.4408,5370652420.56,3.5141,11.4846,7.0,4.0,9.95,4.6539,8.426668849206349,3.6533154793219103,7.80385873015873,2.185159844854328,12.079984328528258,5.618698885304402
2012-06-29,13.23,13.9047,5.0998,13.5221,10.2964,1.4923,1.4418,5469879255.12,3.8228,11.506,7.0,4.0,9.95,4.6539,8.407944444444444,3.6461133110242,7.813168253968254,2.1709626852492745,12.054057755468644,5.642205568718979
2012-07-02,13.33,13.9047,4.3113,13.6243,10.3139,1.5036,1.443,5511223769.52,3.8228,11.506,7.0,4.0,9.95,4.6539,8.389832936507936,3.643740836645577,7.814225396825397,2.169210163794752,12.033573773153512,5.6450152330306445
2012-07-03,13.47,13.9047,3.2272,13.7815,10.3192,1.5195,1.4435,5569106089.68,3.8208,11.4076,7.0,4.0,9.95,4.6539,8.367118055555556,3.640160709592552,7.7998698412698415,2.193591376980633,12.007278765148108,5.606278464289209
2012-07-05,13.33,13.9047,4.3113,13.6382,10.3424,1.4708,1.4436,5511223769.52,3.8095,11.4076,7.0,4.0,9.95,4.6539,8.351670238095238,3.640820771977808,7.779171428571428,2.214174565795967,11.992491010073046,5.564996862775461
2012-07-06,13.19,13.9047,5.4185,13.495,10.3467,1.4554,1.4447,5453341449.36,3.8095,11.4279,7.0,4.0,9.95,4.6539,8.339205952380953,3.640086403826191,7.78287380952381,2.209795049544004,11.979292356207145,5.573078759979806
2012-07-09,13.06,13.9047,6.4678,13.362,10.3585,1.441,1.4462,5399593580.64,3.809,11.467,7.0,4.0,9.95,4.6539,8.332423214285715,3.640382813144694,7.789699999999999,2.2043437788876337,11.972806027430408,5.585356221112365
2012-07-10,13.05,13.9761,7.0966,13.3245,10.369,1.4351,1.4455,5395459129.2,3.811,11.5069,7.0,4.0,9.95,4.6539,8.322946428571429,3.637363455759037,7.792386507936508,2.2032824904803108,11.960309884330464,5.589104017456197
2012-07-11,12.94,13.9761,8.007,13.2122,10.3794,1.423,1.4447,5349980163.36,3.811,11.5057,7.0,4.0,9.95,4.6539,8.319125198412697,3.636680319869528,7.807730158730159,2.197943090010246,11.955805518282226,5.609787068719913
2012-07-12,13.01,14.0475,7.9746,13.2836,10.3899,1.4577,1.4462,5378921323.44,3.8142,11.5485,7.0,4.0,9.95,4.6539,8.315742658730159,3.636205390324077,7.816016666666666,2.196577135845817,11.951948049054234,5.619439530820849
2012-07-13,13.2,14.0475,6.4205,13.4776,10.4003,1.479,1.4467,5457475900.8,3.8142,11.5235,7.0,4.0,9.95,4.6539,8.306994047619048,3.6354488606352926,7.813337301587301,2.198083280960499,11.94244290825434,5.615254020626803
2012-07-16,13.08,14.0475,7.3968,13.3551,10.4073,1.4655,1.448,5407862483.52,3.8142,11.4999,7.0,4.0,9.95,4.6539,8.294665277777778,3.6279559402038335,7.820163492063492,2.19542085819032,11.922621217981613,5.624742633873172
2012-07-17,13.24,14.0475,6.0989,13.4964,10.4108,1.4834,1.4484,5474013706.56,3.8142,11.511,7.0,4.0,9.95,4.6539,8.28029861111111,3.6222702283972112,7.811193650793651,2.200158807568212,11.90256883950832,5.61103484322544
2012-07-18,13.22,14.0475,6.2595,13.476,10.4124,1.4812,1.4487,5465744803.68,3.8142,11.5228,7.0,4.0,9.95,4.6539,8.269160912698414,3.619830968923607,7.802752380952381,2.2040832778356854,11.88899188162202,5.598669103116695
2012-07-19,13.19,14.0475,6.5011,13.4455,10.422,1.4778,1.4491,5453341449.36,3.8142,11.5228,7.0,4.0,9.95,4.6539,8.25771626984127,3.616275712189774,7.79484365079365,2.206972925706153,11.873991982031043,5.587870725087496
2012-07-20,13.05,14.0475,7.6437,13.3028,10.4302,1.4622,1.4491,5395459129.2,3.8142,11.5228,7.0,4.0,9.95,4.6539,8.252668650793652,3.615351820953757,7.807634126984127,2.2013380529911,11.868020471747409,5.606296073993028
2012-07-23,12.96,14.0237,8.2076,13.2407,10.5145,1.4521,1.4495,5358249066.24,3.8142,11.5214,7.0,4.0,9.95,4.6539,8.249748412698413,3.6147914793308793,7.814653968253968,2.2011908472880624,11.864539892029292,5.613463120965906
2012-07-24,12.88,14.0237,8.8797,13.159,10.5258,1.4431,1.4491,5325173454.72,3.8142,11.5214,7.0,4.0,9.95,4.6539,8.253547222222222,3.614444765990177,7.824234126984128,2.203193541717713,11.8679919882124,5.621040585266414
2012-07-25,13.06,14.0237,7.379,13.3429,10.5354,1.4675,1.4495,5415141393.1,3.8142,11.5214,7.0,4.0,9.95,4.6539,8.239244642857143,3.6035769977811456,7.834226984126984,2.1982513402945174,11.842821640638288,5.635975643832467
2012-07-26,12.79,14.0475,9.8319,13.0831,10.5494,1.4026,1.4495,5303189771.65,4.9021,12.3423,8.0,4.0,9.975,4.6539,8.22778888888889,3.5892616818768657,7.866407936507936,2.197575132935645,11.817050570765756,5.668832803572291
2012-07-27,13.09,14.0475,7.3147,13.3286,10.5537,1.4315,1.4495,5427580462.15,5.0409,12.3047,8.0,4.0,9.975,4.6539,8.21372242063492,3.5788849684738144,7.855620634920635,2.1969155363398483,11.792607389108737,5.658705098580787
2012-07-30,13.15,14.0475,6.8251,13.3897,10.5626,1.4368,1.4499,5452458600.25,5.0409,12.3047,8.0,4.0,9.975,4.6539,8.199728174603175,3.570471265707694,7.827130952380953,2.186714500924823,11.770199440310869,5.64041645145613
2012-07-31,12.93,14.0475,8.6427,13.1657,10.5642,1.4128,1.4495,5361238760.55,5.0409,12.3047,8.0,4.0,9.975,4.6539,8.190116865079366,3.562722243692178,7.824730952380952,2.1856433577129866,11.752839108771544,5.639087594667966
2012-08-01,12.98,14.0475,8.2242,13.2166,10.5659,1.4182,1.4491,5381970542.3,5.0409,12.3047,8.0,4.0,9.975,4.6539,8.178377976190477,3.552810139230421,7.831766666666667,2.1854898766181945,11.7311881154209,5.646276790048472
2012-08-02,13.07,14.0475,7.479,13.3082,10.5694,1.4281,1.4491,5419287749.45,5.0409,12.3047,8.0,4.0,9.975,4.6539,8.167994642857144,3.5471761153166,7.839126190476191,2.182704376251897,11.715170758173745,5.656421814224293
2012-08-03,13.03,14.0475,7.8089,13.2675,10.5793,1.4237,1.4491,5402702324.05,5.0409,12.3047,8.0,4.0,9.975,4.6539,8.156470634920636,3.538863170872501,7.855251587301588,2.1748397592370043,11.695333805793137,5.680411828064584
2012-08-06,13.01,14.0475,7.9746,13.2471,10.587,1.4215,1.4495,5394409611.35,5.0409,12.3047,8.0,4.0,9.975,4.6539,8.145275396825395,3.530469321713532,7.875396031746033,2.1639838589196403,11.675744718538928,5.7114121728263925
2012-08-07,13.12,14.0475,7.0694,13.3591,10.5871,1.4335,1.4491,5440019531.2,5.0409,12.3047,8.0,4.0,9.975,4.6539,8.134587103174603,3.525542822901968,7.898342063492064,2.13965847227475,11.660129926076571,5.758683591217314
2012-08-08,13.21,14.0475,6.3399,13.4508,10.591,1.4434,1.4491,5477336738.35,5.0409,12.3047,8.0,4.0,9.975,4.6539,8.122197817460318,3.520843877656341,7.91942619047619,2.110684149224886,11.64304169511666,5.808742041251304
2012-08-09,13.11,14.0475,7.151,13.3489,10.5956,1.4491,1.4491,5435873174.85,5.3818,12.3047,8.0,4.0,9.975,4.6539,8.106488492063493,3.5074268158431274,7.944988095238096,2.0812835859675034,11.61391530790662,5.863704509270592
2012-08-10,13.09,14.0475,7.3147,13.3286,10.6022,1.4469,1.4491,5427580462.15,5.3818,12.3047,8.0,4.0,9.975,4.6539,8.091103968253968,3.49380752931706,7.974459523809524,2.0452635395247176,11.584911497571028,5.929195984284807
2012-08-13,13.15,14.0475,6.8251,13.3897,10.6275,1.4536,1.4502,5452458600.25,5.3818,12.3047,8.0,4.0,9.975,4.6539,8.073414285714286,3.477532068497663,8.001344444444445,2.007057006806108,11.550946354211948,5.994287437638338
2012-08-14,13.18,14.0475,6.5819,13.4202,10.6388,1.4569,1.4506,5464897669.3,5.3818,12.3047,8.0,4.0,9.975,4.6539,8.056310317460317,3.463570851803073,8.019103968253969,1.98420786235332,11.51988116926339,6.034896105900649
2012-08-15,13.23,14.0475,6.1791,13.4711,10.654,1.4624,1.4508,5485629451.05,5.3818,12.3047,8.0,4.0,9.975,4.6539,8.041034325396826,3.4548097684151364,8.021459523809524,1.981825601618158,11.495844093811964,6.039633922191365
2012-08-16,13.21,14.0475,6.3399,13.4508,10.6752,1.4602,1.4513,5477336738.35,5.3818,12.3047,8.0,4.0,9.975,4.6539,8.027111507936507,3.447475541864786,8.017725396825396,1.984567075729728,11.474587049801292,6.033158321095668
2012-08-17,13.26,14.0475,5.9389,13.5017,10.6866,1.4657,1.4519,5498068520.1,5.3818,12.3047,8.0,4.0,9.975,4.6539,8.00952619047619,3.435432863947766,8.002742857142858,1.9931282950149432,11.444959054423956,6.009614562127915
2012-08-20,13.27,14.0475,5.8591,13.5119,10.7225,1.4668,1.4534,5502214876.45,5.3818,12.3047,8.0,4.0,9.975,4.6539,7.993094642857143,3.425841530642153,7.989173015873016,2.0019067578852505,11.418936173499295,5.987266257987765
2012-08-21,13.28,14.0475,5.7794,13.522,10.7467,1.4679,1.4536,5506361232.8,5.3818,12.3047,8.0,4.0,9.975,4.6539,7.977543849206349,3.4180419792056567,7.9562,2.0038315068888912,11.395585828412006,5.952368493111109
2012-08-22,13.32,14.0475,5.4617,13.5628,10.7578,1.4724,1.4536,5522946658.2,5.3818,12.3047,8.0,4.0,9.975,4.6539,7.959275396825397,3.406793645533916,7.919281746031746,2.006618796419672,11.366069042359314,5.912662949612074
2012-08-23,13.25,14.0475,6.0189,13.4915,10.7854,1.4646,1.4538,5493922163.75,5.3818,12.3047,8.0,4.0,9.975,4.6539,7.946249206349206,3.4016224450119155,7.896652380952381,2.011879830237108,11.34787165136112,5.884772550715273
2012-08-24,13.43,14.0475,4.5979,13.6748,10.8116,1.4845,1.4541,5568556578.05,5.3818,12.3047,8.0,4.0,9.975,4.6539,7.929127182539682,3.396701671458036,7.852165079365079,2.0224130761571444,11.325828853997718,5.829752003207934
2012-08-27,13.42,14.0475,4.6759,13.6646,10.8598,1.4834,1.4544,5564410221.7,5.3818,12.3047,8.0,4.0,9.975,4.6539,7.9151992063492065,3.395618527756473,7.806866666666667,2.029170844419122,11.31081773410568,5.777695822247545
2012-08-28,13.4,14.0475,4.8321,13.6442,10.8916,1.4812,1.4545,5556117509.0,5.3818,12.3047,8.0,4.0,9.975,4.6539,7.90060873015873,3.39303001510196,7.771320634920635,2.0418025494477683,11.29363874526069,5.729518085472867
2012-08-29,13.36,14.0475,5.146,13.6035,10.9006,1.4768,1.455,5539532083.6,5.3818,12.3047,8.0,4.0,9.975,4.6539,7.887644841269841,3.391043394876786,7.750728571428571,2.0551547734946283,11.278688236146628,5.695573797933943
2012-08-30,13.21,14.0475,6.3399,13.4508,11.0024,1.4602,1.456,5477336738.35,5.3818,12.3047,8.0,4.0,9.975,4.6539,7.881935912698412,3.3912226047533287,7.725036507936508,2.0523728261544303,11.27315851745174,5.672663681782078
2012-08-31,13.3,14.0475,5.6203,13.5424,11.1181,1.4776,1.4568,5514653945.5,5.1826,12.2935,8.0,4.0,9.975,4.6539,7.872870833333333,3.391149492270852,7.690089682539683,2.05040857875042,11.264020325604186,5.639681103789263
2012-09-04,13.4,14.0475,4.8321,13.6442,11.186,1.4887,1.4579,5556117509.0,5.1826,12.2935,8.0,4.0,9.975,4.6539,7.863451190476191,3.392992359468268,7.638808730158731,2.0403413632830643,11.25644354994446,5.598467366875667
2012-09-05,13.3,14.0475,5.6203,13.5424,11.2092,1.4776,1.4581,5514653945.5,5.1826,12.2935,8.0,4.0,9.975,4.6539,7.852670436507936,3.391467070457701,7.601005555555555,2.0331947139144124,11.244137506965638,5.567810841641142
2012-09-06,13.37,14.0475,5.0673,13.6137,11.2092,1.4853,1.4589,5543678439.95,5.1826,12.2935,8.0,4.0,9.975,4.6539,7.8427509920634915,3.392289632419029,7.562380952380953,2.0347460175547485,11.23504062448252,5.527634934826205
2012-09-07,13.45,14.0475,4.4424,13.6951,11.2365,1.4942,1.4591,5576849290.75,5.1826,12.2935,8.0,4.0,9.975,4.6539,7.832317261904762,3.3946489855168163,7.531400793650794,2.052361308327554,11.226966247421576,5.47903948532324
2012-09-10,13.47,14.0475,4.2873,13.7155,11.2716,1.4964,1.4602,5585142003.45,5.1826,12.2935,8.0,4.0,9.975,4.6539,7.820688293650794,3.396737707109046,7.49223253968254,2.0668709447019964,11.21742600075984,5.425361594980544
2012-09-11,13.55,14.0475,3.6716,13.797,11.2768,1.5053,1.4602,5618312854.25,5.1826,12.3505,8.0,4.0,9.975,4.6539,7.809049206349206,3.4008902866146324,7.457886507936508,2.094155713154381,11.20993949296384,5.363730794782127
2012-09-12,13.53,14.0475,3.8248,13.7752,11.2819,1.5031,1.4602,5610020141.55,5.1836,12.3536,8.0,4.0,9.975,4.6539,7.797954761904762,3.404754646630877,7.422004761904762,2.1174220996621744,11.20270940853564,5.304582662242588
2012-09-13,13.72,14.0475,2.387,13.9686,11.2889,1.5242,1.4603,5688800912.2,5.1836,12.3536,8.0,4.0,9.975,4.6539,7.787088690476191,3.413273351721128,7.371247619047619,2.1607601052118013,11.20036204219732,5.210487513835817
2012-09-14,13.72,14.0475,2.387,13.9686,11.2983,1.5242,1.4608,5688800912.2,5.1836,12.3536,8.0,4.0,9.975,4.6539,7.776222619047619,3.421736274305608,7.307066666666667,2.1877996317031942,11.197958893353228,5.119267034963473
2012-09-17,13.66,14.0475,2.8367,13.9076,11.3365,1.5175,1.4608,5663922774.1,5.1836,12.3536,8.0,4.0,9.975,4.6539,7.766248809523809,3.428800233242178,7.255684126984128,2.2162031907356026,11.195049042765987,5.039480936248525
2012-09-18,13.7,14.0475,2.5365,13.9483,11.3579,1.522,1.4609,5680508199.5,5.1836,12.3536,8.0,4.0,9.975,4.6539,7.756145634920635,3.436699774305064,7.201919047619048,2.247891693501918,11.1928454092257,4.9540273541171285
2012-09-19,13.74,14.0952,2.5852,13.989,11.3794,1.5264,1.461,5697093624.9,5.1836,12.3536,8.0,4.0,9.975,4.6539,7.746603174603175,3.444374055607221,7.142884126984127,2.270753565190787,11.190977230210397,4.872130561793339
2012-09-20,13.78,14.0952,2.2874,14.0297,11.3933,1.5309,1.4614,5713679050.3,5.1836,12.3536,8.0,4.0,9.975,4.6539,7.734364880952381,3.4527979644337043,7.064804761904762,2.267196217564282,11.187162845386084,4.797608544340481
2012-09-21,13.68,14.0952,3.0351,13.9279,11.3948,1.5197,1.4615,5672215486.8,5.1836,12.3536,8.0,4.0,9.975,4.6539,7.72097996031746,3.45791971502546,7.00216507936508,2.2686463047490326,11.17889967534292,4.733518774616047
2012-09-24,13.77,14.0952,2.3617,14.0195,11.42,1.5297,1.4622,5709532693.95,5.1836,12.3536,8.0,4.0,9.975,4.6539,7.709125000000001,3.4660374546716617,6.945605555555556,2.294855084028083,11.175162454671662,4.6507504715274735
2012-09-25,13.73,14.0952,2.6599,13.9788,11.4335,1.5253,1.4622,5692947268.55,5.1836,12.3536,8.0,4.0,9.975,4.6539,7.698097023809523,3.4732498031842005,6.888584126984127,2.311446998827073,11.171346826993725,4.577137128157053
2012-09-26,13.66,14.119,3.3602,13.9076,11.4335,1.5175,1.4622,5663922774.1,5.1836,12.4579,8.0,4.0,9.975,4.6539,7.689860515873016,3.478611384495602,6.840653174603175,2.321557632580009,11.168471900368615,4.519095542023166
2012-09-27,13.75,14.1666,3.0298,13.9992,11.4422,1.5275,1.4624,5701239981.25,4.9983,12.4579,8.0,4.0,9.975,4.6539,7.681200198412698,3.484775743830748,6.795692857142857,2.340143194667631,11.165975942243444,4.455549662475226
2012-09-28,13.88,14.2618,2.7507,14.1459,11.4534,1.542,1.4626,5755142613.8,4.1885,12.5797,8.0,4.0,9.975,4.6539,7.673956150793651,3.491229636861203,6.747822222222222,2.360779518850263,11.165185787654854,4.387042703371959
2012-10-01,14.13,14.2618,0.9328,14.4022,11.4593,1.5698,1.4645,5858801522.55,4.1867,12.66,8.0,4.0,9.975,4.6539,7.661505753968254,3.504060694730108,6.690365873015874,2.413345202565661,11.165566448698362,4.277020670450213
2012-10-02,14.06,14.3571,2.1131,14.2988,11.4608,1.562,1.4646,5829777028.1,4.1867,12.8687,8.0,4.0,9.975,4.6539,7.651166865079364,3.512735408472096,6.638130158730159,2.4406871003805133,11.16390227355146,4.197443058349646
2012-10-03,14.08,14.3809,2.1371,14.3191,11.4689,1.5642,1.4646,5838069740.8,4.1873,13.0202,8.0,4.0,9.975,4.6539,7.642705357142858,3.520877984472304,6.583169841269842,2.463529553702135,11.163583341615162,4.119640287567707
2012-10-04,14.13,14.3809,1.7757,14.37,11.4878,1.5698,1.4649,5858801522.55,4.1873,13.022,8.0,4.0,9.975,4.6539,7.632615873015872,3.530396185775012,6.528573015873016,2.493297175530165,11.163012058790883,4.035275840342852
2012-10-05,14.34,14.3809,0.2852,14.5835,11.5011,1.5931,1.465,5945875005.9,4.1873,13.022,8.0,4.0,9.975,4.6539,7.618187698412699,3.5455327335422626,6.464906349206348,2.549308626831996,11.163720431954962,3.915597722374352
2012-10-08,14.33,14.3809,0.3552,14.5512,11.5142,1.5919,1.4655,5941728649.55,4.1906,13.2295,8.0,4.0,9.975,4.6539,7.604360912698413,3.560240353017248,6.398789682539683,2.5987946592475084,11.16460126571566,3.799995023292175
2012-10-09,14.29,14.3809,0.6361,14.5106,11.522,1.5875,1.4656,5925143224.15,4.1906,13.2295,8.0,4.0,9.975,4.6539,7.590309523809523,3.573740614419796,6.34311746031746,2.646457630451199,11.16405013822932,3.696659829866261
2012-10-10,14.3,14.3809,0.5657,14.5207,11.5254,1.5886,1.4657,5929289580.5,4.1906,13.2295,8.0,4.0,9.975,4.6539,7.575642857142856,3.58737226487962,6.288240476190476,2.693953819386897,11.163015122022475,3.5942866568035794
2012-10-11,14.4,14.3809,-0.1326,14.6223,11.529,1.5997,1.4658,5970753144.0,4.1906,13.2899,8.0,4.0,9.975,4.6539,7.563244444444444,3.603189762587798,6.227667460317459,2.751684419081044,11.166434207032244,3.4759830412364154
2012-10-12,14.35,14.4999,1.0446,14.573,11.5301,1.5931,1.4659,5950021362.25,4.5447,14.2828,9.0,4.0,9.975,4.6539,7.553181746031746,3.6143036241383073,6.180490476190476,2.789229530818369,11.167485370170054,3.391260945372108
2012-10-15,14.55,14.4999,-0.3443,14.7761,11.5368,1.6153,1.4662,6032948489.25,4.5447,14.3844,9.0,4.0,9.975,4.6539,7.538963293650793,3.631242365981484,6.125638888888889,2.8488869086989466,11.170205659632275,3.2767519801899425
2012-10-16,14.75,14.4999,-1.6956,14.9792,11.5368,1.6375,1.4663,6115875616.25,4.5447,14.3844,9.0,4.0,9.975,4.6539,7.523188690476191,3.65402933810181,6.059395238095238,2.9323878731398807,11.177218028578,3.1270073649553574
2012-10-17,14.74,14.4999,-1.6289,14.969,11.5696,1.6364,1.4664,6111729259.9,4.5447,14.3844,9.0,4.0,9.975,4.6539,7.50664742063492,3.6765278598816993,6.005537301587301,3.0103724313044977,11.183175280516618,2.9951648702828035
2012-10-18,14.88,14.4999,-2.5544,15.1112,11.6032,1.6519,1.4668,6169778248.8,4.5447,14.3844,9.0,4.0,9.975,4.6539,7.490060317460316,3.7029812366710426,5.944983333333333,3.104497548312882,11.19304155413136,2.840485785020451
2012-10-19,14.78,14.4999,-1.8951,15.0096,11.6045,1.6408,1.4674,6128314685.3,4.5447,14.3844,9.0,4.0,9.975,4.6539,7.476541865079365,3.724761562039768,5.887711904761905,3.181700831457577,11.201303427119132,2.706011073304328
2012-10-22,14.86,14.4999,-2.4233,15.0909,11.6277,1.6497,1.4674,6161485536.1,4.5447,14.3844,9.0,4.0,9.975,4.6539,7.4621932539682545,3.748911045653752,5.831427777777778,3.2650755679498324,11.211104299622008,2.566352209827945
2012-10-23,14.81,14.4999,-2.0939,15.0401,11.6324,1.6442,1.4675,6140753754.35,4.5447,14.3844,9.0,4.0,9.975,4.6539,7.450011507936507,3.7699506979477455,5.78477619047619,3.335788079802024,11.219962205884254,2.4489881106741667
2012-10-24,14.86,14.4999,-2.4233,15.0909,11.6371,1.6497,1.4677,6161485536.1,4.5447,14.3844,9.0,4.0,9.975,4.6539,7.428357936507936,3.795221935704017,5.720247619047619,3.4149988232552864,11.223579872211952,2.3052487957923327
2012-10-25,14.9,14.4999,-2.6852,15.1315,11.6516,1.6542,1.4682,6178070961.5,4.5447,14.3844,9.0,4.0,9.975,4.6539,7.407076984126984,3.821761250976983,5.655565079365079,3.496096398952909,11.228838235103968,2.1594686804121697
2012-10-26,14.69,14.488,-1.3751,14.9182,11.6539,1.6309,1.4686,6090997478.15,4.5447,14.2413,9.0,4.0,9.975,4.6539,7.388617261904762,3.8416546120247497,5.601919047619048,3.551709791719334,11.230271873929512,2.050209255899714
2012-10-31,14.68,14.488,-1.3079,14.9263,11.6566,1.6298,1.4687,6086851121.8,4.5434,14.1065,9.0,4.0,9.975,4.6539,7.36895257936508,3.860744362405024,5.545599999999999,3.604598746889966,11.229696941770104,1.941001253110033
2012-11-01,14.85,14.5118,-2.2774,15.0838,11.661,1.6544,1.4688,6178954780.35,4.5434,14.1568,9.0,4.0,9.975,4.6539,7.349805357142857,3.8845815640790846,5.486705555555556,3.671230814281445,11.234386921221942,1.8154747412741103
2012-11-02,14.17,14.6025,3.0522,14.3887,11.6655,1.6062,1.4689,5896012743.27,4.7309,13.5414,10.0,4.0,9.95,4.6539,7.34275753968254,3.889156430785973,5.467557936507936,3.677631959146704,11.231913970468511,1.7899259773612326
2012-11-05,14.22,14.6025,2.6899,14.4395,11.6678,1.6118,1.4708,5916817304.82,4.7309,13.5414,10.0,4.0,9.95,4.6539,7.332552380952381,3.894611010661785,5.442323015873016,3.6857516927794727,11.227163391614166,1.7565713230935431
2012-11-06,14.37,14.5971,1.5804,14.4859,11.6679,1.601,1.471,5979230989.47,5.5528,13.5397,9.0,4.0,9.95,4.6539,7.326344246031746,3.9012889306795393,5.404395238095238,3.700797797380703,11.227633176711285,1.703597440714535
2012-11-07,14.28,14.5971,2.2206,14.3952,11.6688,1.591,1.4711,5941782778.68,5.5528,13.5397,9.0,4.0,9.95,4.6539,7.3209904761904765,3.906447292710368,5.368937301587302,3.709790039767504,11.227437768900844,1.659147261819797
2012-11-08,14.27,14.5971,2.2922,14.401,11.6806,1.5899,1.4718,5937621866.37,5.5528,13.5275,9.0,4.0,9.95,4.6539,7.315986904761905,3.9112767922195104,5.329438095238095,3.715886842127713,11.227263696981415,1.6135512531103822
2012-11-09,14.23,14.6805,3.1658,14.3607,11.6942,1.5675,1.4724,5920978217.13,5.5377,13.2857,9.0,4.0,9.95,4.6539,7.309977579365079,3.915327846477332,5.311192063492063,3.72085789814355,11.22530542584241,1.5903341653485137
2012-11-12,14.22,14.6805,3.2384,14.3506,11.7075,1.5664,1.4751,5916817304.82,5.5377,13.0286,9.0,4.0,9.95,4.6539,7.308297023809525,3.916896129147646,5.29607380952381,3.725412640450625,11.225193152957171,1.5706611690731846
2012-11-13,14.16,14.6805,3.6758,14.2814,11.7138,1.5598,1.4754,5891851830.96,5.9733,13.0672,9.0,4.0,9.95,4.6539,7.306660714285715,3.918243467308988,5.269537301587302,3.724947381421406,11.224904181594702,1.5445899201658966
2012-11-14,14.15,14.6527,3.5527,14.2713,11.7138,1.5685,1.4757,5887690918.65,5.5479,11.6081,10.0,4.0,9.95,4.6539,7.3031130952380945,3.9208355873270144,5.249857936507936,3.727434560903416,11.223948682565108,1.5224233756045202
2012-11-15,14.25,14.6527,2.826,14.3722,11.7179,1.5796,1.4768,5929300041.75,5.5479,11.6081,10.0,4.0,9.95,4.6539,7.299790674603175,3.923923424209234,5.221815873015873,3.732308878223608,11.22371409881241,1.489506994792266
2012-11-16,14.51,14.6527,0.9835,14.6344,11.7236,1.6084,1.4769,6037483761.81,5.5479,11.3521,10.0,4.0,9.95,4.6539,7.290935119047619,3.9331392930514735,5.184325396825396,3.751071019747637,11.224074412099093,1.4332543770777595
2012-11-19,14.39,14.6944,2.1154,14.4841,11.7316,1.5924,1.4774,5987552814.09,5.6622,11.4762,10.0,4.0,9.95,4.6539,7.28495496031746,3.938719708242078,5.140100793650793,3.7541675086016206,11.22367466855954,1.3859332850491728
2012-11-20,14.43,14.7777,2.4096,14.4938,11.737,1.5968,1.4776,6004196463.33,5.6622,11.481,10.0,4.0,10.6,4.6539,7.278476785714286,3.944055017510508,5.099542857142858,3.7558558411405127,11.222531803224792,1.3436870160023449
2012-11-21,14.6,14.7777,1.2171,14.6645,11.7424,1.6157,1.4776,6074931972.6,5.6622,11.481,10.0,4.0,10.6,4.6539,7.269004761904762,3.952875786849305,5.051511111111111,3.766571208560419,11.221880548754068,1.284939902550692
2012-11-23,14.69,14.7777,0.597,14.7549,11.7457,1.6256,1.4778,6112380183.39,5.6622,11.481,10.0,4.0,10.6,4.6539,7.258930158730158,3.963404048372957,5.002511904761905,3.784141845684155,11.222334207103115,1.2183700590777495
2012-11-26,14.8,14.7777,-0.1507,14.8654,11.7559,1.6378,1.4786,6158150218.8,5.6622,11.481,10.0,4.0,10.6,4.6539,7.247788492063491,3.9763296493505926,4.944286507936508,3.806655546704647,11.224118141414085,1.1376309612318614
2012-11-27,14.74,14.7777,0.2558,14.8051,11.7562,1.6311,1.479,6133184744.94,5.6622,11.481,10.0,4.0,10.6,4.6539,7.239917460317461,3.986243356249236,4.8826253968253965,3.8192561963804654,11.226160816566695,1.0633692004449302
2012-11-28,14.86,14.7777,-0.5538,14.9257,11.7564,1.6444,1.4792,6183115692.66,5.6622,11.481,10.0,4.0,10.6,4.6539,7.230237103174603,3.999238768877064,4.8136206349206345,3.8384150763005738,11.229475872051664,0.9752055586200608
2012-11-29,14.88,14.7777,-0.6875,14.9458,11.7598,1.6466,1.4798,6191437517.28,5.6622,11.3424,10.0,4.0,10.6,4.6539,7.218030357142857,4.014000210660669,4.729215873015872,3.841548389395451,11.232030567803529,0.887667483620421
2012-11-30,15.03,14.7777,-1.6786,15.0964,11.7629,1.6632,1.48,6253851201.93,5.6622,11.3424,10.0,4.0,10.6,4.6539,7.203022619047618,4.033087748310318,4.643337301587302,3.8629978464345816,11.236110367357936,0.7803394551527201
2012-12-03,14.87,14.7777,-0.6207,14.9357,11.78,1.6455,1.4812,6187276604.97,5.6622,11.3424,10.0,4.0,10.6,4.6539,7.191155952380952,4.047294725870094,4.552039682539682,3.850270636702498,11.238450678251043,0.7017690458371844
2012-12-04,14.81,14.7777,-0.2181,14.8755,11.7806,1.6389,1.4812,6162311131.11,5.6622,11.3424,10.0,4.0,10.6,4.6539,7.182141666666666,4.058734029325535,4.45757619047619,3.819773553569549,11.240875695992202,0.6378026369066414
2012-12-05,14.92,14.7777,-0.9538,14.9859,11.7828,1.6511,1.4815,6208081166.52,5.6622,11.3424,10.0,4.0,10.6,4.6539,7.170440277777778,4.073674110836171,4.360819047619048,3.801019246943517,11.244114388613948,0.5597998006755311
2012-12-06,14.87,14.7777,-0.6207,14.9357,11.7866,1.6455,1.4817,6187276604.97,5.6622,11.3424,10.0,4.0,10.6,4.6539,7.156690277777778,4.088255948343942,4.28060873015873,3.79863962085428,11.24494622612172,0.4819691093044502
2012-12-07,14.91,14.7777,-0.8873,14.9759,11.7889,1.65,1.4817,6203920254.21,5.6622,11.3424,10.0,4.0,10.6,4.6539,7.14049365079365,4.103923167256282,4.201010317460317,3.801034311970029,11.244416818049933,0.3999760054902874
2012-12-10,14.86,14.7777,-0.5538,14.9257,11.7904,1.6444,1.4834,6183115692.66,5.6622,11.3424,10.0,4.0,10.6,4.6539,7.126028373015873,4.1181730985511855,4.128792063492064,3.8042686264901535,11.24420147156706,0.3245234370019094
2012-12-11,14.8,14.7777,-0.1507,14.8654,11.7918,1.6378,1.4834,6158150218.8,5.6622,11.3424,10.0,4.0,10.6,4.6539,7.112149801587301,4.130891984171281,4.05094126984127,3.790546347180569,11.243041785758582,0.2603949226607009
2012-12-12,14.81,14.7435,-0.449,14.9159,11.7996,1.6389,1.4834,6162311131.11,5.6622,11.3101,11.0,4.0,10.6,4.6539,7.0974658730158735,4.1445942346443125,3.970035714285715,3.776804437329933,11.242060107660189,0.1932312769557818
2012-12-13,14.73,14.7435,0.0916,14.8353,11.8074,1.63,1.4836,6129023832.63,5.6622,11.3101,11.0,4.0,10.6,4.6539,7.083854563492064,4.156321971655532,3.8871896825396814,3.746116048684756,11.240176535147596,0.1410736338549267
2012-12-14,14.66,14.7692,0.7449,14.7648,11.8081,1.6223,1.484,6099897446.46,5.6622,11.6022,12.0,4.0,10.6,4.6539,7.071539484126984,4.165898585622829,3.807431746031746,3.7046307065326927,11.237438069749814,0.1028010394990532
2012-12-17,14.76,14.8717,0.7568,14.7911,11.8268,1.6334,1.4844,6141506569.56,5.6799,11.8386,12.0,4.0,10.6,4.6539,7.057307142857143,4.17520292905575,3.714973015873016,3.632981825055946,11.232510071912891,0.0819911908170705
2012-12-18,14.61,15.1281,3.5462,14.6407,11.8286,1.6161,1.4845,6079092884.91,5.6793,11.6776,12.0,4.0,10.6,4.6539,7.049260317460318,4.178058628686792,3.638845238095238,3.53306528133545,11.22731894614711,0.1057799567597879
2012-12-19,14.71,15.2179,3.4528,14.7129,11.8304,1.6271,1.4846,6120702008.01,5.7812,11.9044,12.0,4.0,10.6,4.6539,7.040594642857143,4.180984514880315,3.577061111111111,3.4665618091700545,11.22157915773746,0.1104993019410565
2012-12-20,14.57,15.2179,4.4468,14.586,11.8304,1.6117,1.4848,6062449235.67,5.7784,12.3358,12.0,4.0,10.6,4.6539,7.033028968253968,4.182223544115775,3.537069047619047,3.4266871203182663,11.215252512369744,0.1103819273007808
2012-12-21,14.37,15.2179,5.9005,14.3858,11.8328,1.5896,1.4851,5979230989.47,5.7784,12.4678,12.0,4.0,10.6,4.6539,7.02856626984127,4.182229635920018,3.492587301587301,3.35811669329079,11.210795905761287,0.1344706082965112
2012-12-24,14.41,15.2179,5.6065,14.4259,11.8439,1.594,1.4861,5995874638.71,5.7784,12.4678,12.0,4.0,10.6,4.6539,7.02460734126984,4.182630293432158,3.452113492063492,3.300720503365488,11.207237634702,0.1513929886980038
2012-12-26,14.46,15.2179,5.2414,14.4759,11.8489,1.5995,1.4862,6016679200.26,5.7784,12.4678,12.0,4.0,10.6,4.6539,7.019055158730159,4.183137396142168,3.4059349206349205,3.233448834673529,11.202192554872326,0.172486085961391
2012-12-27,14.48,15.2179,5.096,14.4959,11.8584,1.6017,1.4864,6025001024.88,5.7784,12.4678,12.0,4.0,10.6,4.6539,7.014083333333334,4.183932449714892,3.367660317460317,3.183904334293591,11.198015783048229,0.1837559831667263
2012-12-28,14.46,15.2179,5.2414,14.4759,11.8648,1.5995,1.4866,6016679200.26,5.7784,12.4678,12.0,4.0,10.6,4.6539,7.0091833333333335,4.184560720355942,3.34411746031746,3.15869588528138,11.193744053689276,0.1854215750360803
2012-12-31,14.67,15.2179,3.7348,14.6862,11.8745,1.6731,1.4887,6104058358.77,4.5727,12.4159,12.0,4.0,10.6,4.6539,7.000641865079365,4.186845989493142,3.3178730158730154,3.1414193385135407,11.187487854572506,0.1764536773594747
2013-01-02,14.79,15.2179,2.8932,14.8004,11.8749,1.7151,1.4888,6153989306.49,4.5855,12.44,12.0,4.0,10.6,4.6539,6.989993650793651,4.190459890621772,3.300360317460318,3.1375542990318936,11.180453541415424,0.1628060184284243
2013-01-03,14.75,15.2179,3.1722,14.7603,11.8762,1.7105,1.4891,6137345657.25,4.5852,12.44,12.0,4.0,10.6,4.6539,6.979240079365079,4.193293839424822,3.291319841269841,3.136258918444712,11.1725339187899,0.1550609228251294
2013-01-04,14.88,15.2179,2.2708,14.8934,11.8774,1.7255,1.4896,6191437517.28,4.5858,12.4623,12.0,4.0,10.6,4.6539,6.96779384920635,4.198263996079465,3.283729365079365,3.1375724250464105,11.166057845285817,0.1461569400329545
2013-01-07,14.73,15.2179,3.3123,14.7315,11.9081,1.7082,1.4926,6129023832.63,4.5858,12.5045,12.0,4.0,10.6,4.6539,6.957097619047619,4.200700474248088,3.275800793650794,3.136216937050144,11.157798093295709,0.1395838566006504
2013-01-08,14.75,15.2179,3.1722,14.7515,11.9115,1.6859,1.493,6137345657.25,4.5516,12.5045,12.0,4.0,10.6,4.6539,6.946564087301587,4.20352659758213,3.257973015873016,3.1303183368192524,11.150090684883716,0.1276546790537631
2013-01-09,14.8,15.2179,2.8236,14.7749,11.9149,1.6917,1.4936,6158150218.8,4.5494,12.5984,13.0,4.0,10.6,4.6539,6.93221626984127,4.2052367625424925,3.229050793650793,3.117231981762054,11.137453032383762,0.1118188118887393
2013-01-10,14.84,15.3333,3.3241,14.7868,11.9172,1.6963,1.4942,6174793868.04,4.5494,12.6526,13.0,4.0,10.6,4.6539,6.917265873015873,4.20464232673025,3.1991103174603177,3.0978444771249443,11.121908199746125,0.1012658403353734
2013-01-11,14.93,15.3333,2.7013,14.8469,11.9246,1.7066,1.4964,6212242078.83,4.5494,12.6735,13.0,4.0,10.6,4.6539,6.900388888888888,4.204459437661143,3.1570015873015875,3.067883499978166,11.10484832655003,0.0891180873234214
2013-01-14,15.03,15.3333,2.018,14.9463,11.9314,1.718,1.5031,6253851201.93,4.5494,12.6735,13.0,4.0,10.6,4.6539,6.886015277777778,4.208749522540364,3.109726984126984,3.03880913573506,11.094764800318142,0.0709178483919248
2013-01-15,15.0,15.3333,2.222,14.9165,11.9329,1.7146,1.5032,6241368465.0,4.5494,12.6735,13.0,4.0,10.6,4.6539,6.873155753968254,4.21308539122624,3.076405555555556,3.025203545741958,11.086241145194494,0.0512020098135974
2013-01-16,14.91,15.3333,2.839,14.827,11.9352,1.7043,1.5032,6203920254.21,4.5494,12.8353,13.0,4.0,10.6,4.6539,6.86063373015873,4.2156825058951055,3.04023253968254,3.0002769812358205,11.076316236053836,0.039955558446719
2013-01-17,14.9,15.4102,3.4242,14.817,11.9391,1.7319,1.5036,6199759341.9,3.5637,12.8478,13.0,4.0,10.6,4.6539,6.850380158730158,4.217747198953184,3.019004761904762,2.9878995323902666,11.06812735768334,0.0311052295144955
2013-01-18,14.85,15.4102,3.7724,14.7673,11.9438,1.7261,1.5036,6178954780.35,3.5637,12.8478,13.0,4.0,10.6,4.6539,6.8410375000000005,4.2193426165632415,2.999265873015873,2.974505880798837,11.06038011656324,0.024759992217036
2013-01-22,15.23,15.4102,1.1832,15.1452,11.9499,1.7993,1.5043,6337069448.13,3.5991,12.8478,13.0,3.0,10.8,4.6539,6.826116865079365,4.2260354377556055,2.9570603174603174,2.962122836671959,11.05215230283497,-0.0050625192116418
2013-01-23,15.15,15.4102,1.7175,15.0656,11.9509,1.7899,1.5045,6303782149.65,3.5991,12.8478,13.0,3.0,10.8,4.6539,6.812256349206349,4.231319273826656,2.910026984126984,2.934027473311535,11.043575623033004,-0.0240004891845511
2013-01-24,15.19,15.4102,1.4496,15.1054,11.9562,1.7946,1.5051,6320425798.89,3.5991,12.8478,13.0,3.0,10.8,4.6539,6.79830496031746,4.237393543111132,2.856392063492064,2.8979589425554924,11.035698503428591,-0.0415668790634287
2013-01-25,15.11,15.4102,1.9868,15.0259,11.966,1.7852,1.5053,6287138500.41,3.5991,12.8478,13.0,3.0,10.8,4.6539,6.789237301587302,4.242797521169672,2.801686507936508,2.8479741937414653,11.032034822756971,-0.0462876858049576
2013-01-28,15.11,15.4102,1.9868,15.0259,11.9874,1.7852,1.506,6287138500.41,3.5991,12.8478,13.0,3.0,10.8,4.6539,6.780594642857142,4.248142093531007,2.758891269841269,2.819008487763742,11.028736736388147,-0.0601172179224724
2013-01-29,15.19,15.4102,1.4496,15.1054,11.991,1.7946,1.5061,6320425798.89,3.5991,12.8478,13.0,3.0,10.8,4.6539,6.77067380952381,4.2547496941032446,2.6923650793650795,2.748789195855448,11.025423503627056,-0.0564241164903687
2013-01-30,15.26,15.4102,0.9843,15.175,11.9921,1.8029,1.5061,6349552185.06,3.5991,12.8478,13.0,3.0,10.8,4.6539,6.760253968253968,4.262485480374289,2.642123809523809,2.7213433657202137,11.022739448628258,-0.0792195561964042
2013-01-31,15.47,15.3611,-0.7039,15.3153,11.9968,1.854,1.508,6436931343.57,3.6461,12.877,13.0,3.0,10.8,4.6539,6.742165079365079,4.274785062059828,2.5823698412698413,2.71140172186344,11.016950141424909,-0.1290318805935988
2013-02-01,15.73,15.3611,-2.3452,15.5727,12.0033,1.8851,1.5084,6545115063.63,3.6461,12.877,13.0,3.0,10.8,4.6539,6.721916071428571,4.293607609830732,2.495164285714285,2.6915535278339053,11.015523681259303,-0.1963892421196198
2013-02-04,15.42,15.3611,-0.382,15.2658,12.0141,1.848,1.5107,6416126782.02,3.6461,12.877,13.0,3.0,10.8,4.6539,6.707721825396825,4.305251297486905,2.426861111111111,2.6539418870496045,11.012973122883729,-0.2270807759384934
2013-02-05,15.61,15.3611,-1.5945,15.4539,12.0142,1.8708,1.5107,6495184115.91,3.6461,12.877,13.0,3.0,10.8,4.6539,6.690907738095238,4.321096871780093,2.3548492063492064,2.638817584138818,11.012004609875332,-0.2839683777896118
2013-02-06,15.77,15.3611,-2.5929,15.6123,12.0142,1.8899,1.5107,6561758712.87,3.6461,12.877,13.0,3.0,10.8,4.6539,6.676297222222222,4.340009758744346,2.2722952380952384,2.629516491794264,11.016306980966569,-0.3572212536990249
2013-02-07,15.84,15.3611,-3.0234,15.6801,12.0246,1.8983,1.5107,6590885099.04,3.6437,12.9063,13.0,3.0,10.8,4.6539,6.66083253968254,4.360650470115383,2.185009523809524,2.6212405654554947,11.021483009797922,-0.4362310416459709
2013-02-08,16.28,15.5454,-4.5123,15.9812,12.0264,1.921,1.5107,6773965240.68,4.2118,13.3177,12.0,3.0,10.8,4.6539,6.643860317460318,4.387429162948759,2.0930912698412696,2.651482419538936,11.031289480409075,-0.5583911496976661
2013-02-11,16.43,15.5454,-5.3841,16.1284,12.0381,1.9387,1.5119,6836378925.33,4.2118,13.3177,12.0,3.0,10.8,4.6539,6.6259757936507935,4.418005224733741,2.0000436507936508,2.7064027671431767,11.043981018384535,-0.706359116349526
2013-02-12,16.06,16.1818,0.7584,15.0262,12.0406,1.6357,1.5119,6682425169.86,0.1517,7.2097,12.0,3.0,10.8,4.6539,6.621089880952381,4.423137086121226,1.9493087301587304,2.6687255262997835,11.044226967073609,-0.7194167961410534
2013-02-13,15.92,16.1818,1.6445,14.8702,12.0432,1.6149,1.5119,6624172397.52,0.1602,7.235,12.0,3.0,10.8,4.6539,6.617557341269841,4.4264045505079,1.904307142857143,2.6249758988968743,11.04396189177774,-0.7206687560397314
2013-02-14,15.9,16.2499,2.2006,14.8141,12.0445,1.581,1.512,6615850572.9,0.2229,7.2425,12.0,3.0,10.8,4.6539,6.617730753968254,4.426229441600199,1.867604761904761,2.5876880270654783,11.043960195568452,-0.7200832651607165
2013-02-15,15.85,16.2499,2.523,14.8048,12.0454,1.5578,1.512,6595046011.35,0.2726,9.491,1.0,3.0,10.8,4.6539,6.61614384920635,4.427556272815523,1.835391269841269,2.5535706415300243,11.043700122021871,-0.7181793716887546
2013-02-19,15.99,16.2499,1.6254,14.9356,12.0631,1.5716,1.5123,6653298783.69,0.2726,9.491,1.0,3.0,10.8,4.6539,6.603925595238096,4.432822372440149,1.7992507936507938,2.523651474471119,11.036747967678243,-0.7244006808203252
2013-02-20,15.94,16.3333,2.4674,14.8376,12.0638,1.5649,1.5123,6632494222.14,0.2779,10.7733,2.0,3.0,10.8,4.6539,6.59380615079365,4.436438087273226,1.7685166666666667,2.4912840156274614,11.030244238066876,-0.7227673489607946
2013-02-21,15.95,16.3333,2.4031,14.8469,12.0827,1.5658,1.5124,6636655134.45,0.2779,10.7733,2.0,3.0,10.8,4.6539,6.58291626984127,4.439980875934165,1.740454761904762,2.463693785180706,11.022897145775437,-0.723239023275944
2013-02-22,16.13,16.3333,1.2604,15.0144,12.1062,1.5835,1.513,6711551556.03,0.2779,10.7733,2.0,3.0,10.8,4.6539,6.570356746031746,4.4460740682529885,1.703957142857143,2.436099761124216,11.016430814284735,-0.7321426182670732
2013-02-25,16.06,16.3333,1.7017,14.9479,12.1115,1.5569,1.5135,6682425169.86,1.9108,11.3813,3.0,3.0,10.8,4.6539,6.5532047619047615,4.448152347916536,1.6715944444444444,2.4084543774067595,11.001357109821296,-0.7368599329623151
2013-02-26,16.3,16.3333,0.2043,15.1713,12.1128,1.5802,1.5137,6782287065.3,1.9108,11.3813,3.0,3.0,10.8,4.6539,6.532180753968254,4.453076534932978,1.6298690476190478,2.3877189897798234,10.985257288901233,-0.7578499421607756
2013-02-27,16.3,16.3333,0.2043,15.1713,12.114,1.5802,1.5138,6782287065.3,1.9108,11.3813,3.0,3.0,10.8,4.6539,6.511382738095238,4.458110905708154,1.5837214285714285,2.358220636382024,10.969493643803393,-0.7744992078105957
2013-02-28,16.37,16.3333,-0.2242,15.2364,12.1196,1.587,1.5138,6811413451.47,1.9108,11.3813,3.0,3.0,10.8,4.6539,6.494977579365079,4.467662515299195,1.5454507936507935,2.348019307987109,10.962640094664271,-0.8025685143363159
2013-03-01,16.51,16.3333,-1.0703,15.3667,12.1222,1.5956,1.5138,6848562398.86,1.9108,11.3813,3.0,3.0,10.8,4.6539,6.478385317460318,4.480206814318753,1.4998460317460318,2.3425280698136848,10.95859213177907,-0.842682038067653
2013-03-04,16.47,16.3333,-0.83,15.5114,12.1328,1.5918,1.515,6831969879.42,1.9108,11.3573,3.0,3.0,10.8,4.6539,6.46120634920635,4.491605836931057,1.4549087301587302,2.332379979781184,10.952812186137407,-0.8774712496224539
2013-03-05,16.56,16.5555,-0.0272,15.4868,12.1342,1.6069,1.5151,6869303048.16,1.8979,11.6949,4.0,3.0,10.8,4.6539,6.444761904761905,4.500167802095267,1.413851587301587,2.312331535009278,10.944929706857172,-0.8984799477076908
2013-03-06,16.58,16.5555,-0.1478,15.5055,12.1357,1.6089,1.5152,6877599307.88,1.8979,11.6986,4.0,3.0,10.8,4.6539,6.428936507936507,4.509308111772252,1.3623619047619049,2.273672613332458,10.938244619708758,-0.9113107085705532
2013-03-07,16.81,16.5555,-1.514,15.7206,12.1434,1.6312,1.5153,6973006294.66,1.8979,11.6986,4.0,3.0,10.8,4.6539,6.409326388888888,4.522324135380532,1.3057404761904765,2.255549353578742,10.93165052426942,-0.9498088773882658
2013-03-08,16.88,16.5555,-1.9224,15.786,12.1542,1.638,1.5156,7002043203.68,1.8979,11.6986,4.0,3.0,10.8,4.6539,6.388256349206349,4.536361369769437,1.252133333333333,2.2513310743648773,10.924617718975783,-0.999197741031544
2013-03-11,16.94,16.5555,-2.2698,15.8421,12.1889,1.6438,1.5165,7026931982.84,1.8979,11.6986,4.0,3.0,10.8,4.6539,6.369072222222222,4.552494304958769,1.1895134920634922,2.23855401251286,10.92156652718099,-1.0490405204493676
2013-03-12,16.94,16.5555,-2.2698,15.8421,12.1894,1.6438,1.5165,7026931982.84,1.8979,11.6986,4.0,3.0,10.8,4.6539,6.350099999999999,4.568535824263003,1.13128253968254,2.232295470911863,10.918635824263005,-1.101012931229323
2013-03-13,17.09,16.5555,-3.1276,15.9824,12.1899,1.6584,1.5165,7089153930.74,1.8979,11.6986,4.0,3.0,10.8,4.6539,6.326638690476191,4.586785465572576,1.0712031746031745,2.244304194246128,10.913424156048766,-1.1731010196429537
2013-03-14,17.22,16.5555,-3.8589,16.104,12.1941,1.671,1.5168,7143079618.92,1.8979,11.6986,4.0,3.0,10.8,4.6539,6.304513492063492,4.608959730006272,1.0065507936507936,2.2681245677167485,10.913473222069763,-1.261573774065955
2013-03-15,17.22,16.5555,-3.8589,16.104,12.1972,1.671,1.5175,7143079618.92,1.8979,11.6986,4.0,3.0,10.8,4.6539,6.283859325396826,4.631125085806892,0.9467849206349206,2.296377476080908,10.91498441120372,-1.349592555445987
2013-03-18,17.2,16.5555,-3.7471,16.0853,12.2113,1.669,1.518,7134783359.2,1.8979,11.6986,4.0,3.0,10.8,4.6539,6.262167261904763,4.652447871535521,0.8866904761904761,2.319419314929817,10.914615133440282,-1.4327288387393406
2013-03-19,17.4,16.5555,-4.8534,16.2723,12.2148,1.6884,1.5181,7217745956.4,1.8979,11.6986,4.0,3.0,10.8,4.6539,6.2372636904761904,4.678267732941805,0.8292269841269841,2.371067095041168,10.915531423417995,-1.5418401109141835
2013-03-20,17.43,16.5555,-5.0172,16.3004,12.2184,1.6914,1.5181,7230190345.98,1.8979,11.6986,4.0,3.0,10.8,4.6539,6.212248611111112,4.704650559139993,0.7704634920634921,2.423326393554414,10.916899170251105,-1.6528629014909215
2013-03-21,17.29,16.5555,-4.2481,16.1695,12.2393,1.6778,1.5182,7172116527.94,1.8979,11.6986,4.0,3.0,10.8,4.6539,6.190871031746032,4.727643769314351,0.7142349206349207,2.4569609345636185,10.918514801060384,-1.742726013928698
2013-03-22,17.27,16.7777,-2.8506,16.1281,12.2399,1.6758,1.5184,7163820268.22,1.8979,11.0983,5.0,3.0,10.8,4.6539,6.175963492063492,4.7442883610652045,0.6714801587301588,2.4718239469032,10.920251853128695,-1.8003437881730413
2013-03-25,17.26,16.7777,-2.7943,16.1203,12.2582,1.6749,1.5195,7159672138.36,1.8979,11.0978,5.0,3.0,10.8,4.6539,6.1615706349206345,4.760481060523721,0.6287857142857142,2.484928710083093,10.922051695444356,-1.856142995797379
2013-03-26,17.19,16.7777,-2.3985,16.0549,12.2689,1.6681,1.5196,7130635229.34,1.8979,11.0978,5.0,3.0,10.8,4.6539,6.151907142857144,4.772912839654505,0.5915960317460317,2.494951746368068,10.924819982511648,-1.903355714622036
2013-03-27,17.24,16.7777,-2.6816,16.1016,12.2742,1.6729,1.5196,7151375878.64,1.8979,11.0978,5.0,3.0,10.8,4.6539,6.142644642857143,4.785525150548451,0.5462253968253968,2.502129904539488,10.928169793405594,-1.955904507714091
2013-03-28,17.52,16.7777,-4.2369,16.3631,12.285,1.7001,1.5197,7267523514.72,1.8979,11.0978,5.0,3.0,10.8,4.6539,6.13200615079365,4.802631274398936,0.4938555555555556,2.532695844812368,10.934637425192586,-2.0388402892568123
2013-04-01,17.52,16.861,-3.7614,16.3631,12.2982,1.7182,1.5199,7267523514.72,1.8661,11.1118,5.0,3.0,10.8,4.6539,6.12060119047619,4.819291036539425,0.4428928571428572,2.553282960932752,10.939892227015616,-2.1103901037898947
2013-04-02,17.49,16.861,-3.5963,16.3504,12.3007,1.7152,1.5199,7255079125.14,1.8662,11.0381,5.0,3.0,10.8,4.6539,6.110667063492064,4.834156784302212,0.3876825396825397,2.56488138083882,10.944823847794275,-2.17719884115628
2013-04-03,17.34,16.861,-2.7624,16.2102,12.3031,1.7005,1.52,7192857177.24,1.8662,11.0381,5.0,3.0,10.8,4.6539,6.107195833333334,4.839906831156641,0.3417126984126984,2.569051235051262,10.947102664489975,-2.2273385366385634
2013-04-04,17.27,16.861,-2.3683,16.1447,12.3031,1.6936,1.5202,7163820268.22,1.8662,11.0601,5.0,3.0,10.8,4.6539,6.107001587301587,4.8402456808401775,0.3010857142857143,2.5711258398054424,10.947247268141766,-2.270040125519728
2013-04-05,17.21,16.861,-2.0279,16.0886,12.3031,1.6877,1.5204,7138931489.06,1.8662,11.0601,5.0,3.0,10.8,4.6539,6.109381547619048,4.835939791863984,0.2775880952380952,2.578823844518679,10.945321339483032,-2.3012357492805835
2013-04-08,17.31,16.9999,-1.7915,16.1836,12.3563,1.6596,1.5211,7180412787.66,1.9431,11.1121,5.0,3.0,10.8,4.6539,6.111700793650794,4.831859982357169,0.2465992063492063,2.5800505033972345,10.943560776007963,-2.333451297048028
2013-04-09,17.23,16.9999,-1.3355,16.1088,12.3894,1.6519,1.5211,7147227748.78,1.9431,11.1188,5.0,3.0,10.8,4.6539,6.113367063492064,4.82914056115887,0.2190388888888889,2.5782411271245587,10.942507624650936,-2.3592022382356697
2013-04-10,17.25,17.1944,-0.3223,16.1275,12.4226,1.6538,1.5212,7155524008.5,1.9431,11.1501,5.0,3.0,10.8,4.6539,6.1157184523809525,4.825709809588483,0.2023880952380952,2.574879933996555,10.941428261969437,-2.37249183875846
2013-04-11,17.28,17.1944,-0.4954,16.1556,12.5185,1.6567,1.5213,7167968398.08,1.9431,11.1501,5.0,3.0,10.8,4.6539,6.117897619047619,4.822468406330295,0.1961928571428571,2.575618059765371,10.940366025377912,-2.379425202622514
2013-04-12,17.4,17.111,-1.6609,16.2678,12.5613,1.6538,1.5216,7217745956.4,1.9759,11.1501,5.0,3.0,10.8,4.6539,6.114657936507936,4.827151604762813,0.1801920634920635,2.580879385220757,10.94180954127075,-2.400687321728693
2013-04-15,16.9,17.111,1.2485,15.8003,12.6341,1.6203,1.5222,7010339463.4,1.9431,11.1501,5.0,3.0,10.8,4.6539,6.115432738095239,4.826337456835772,0.1850523809523809,2.582321054360833,10.94177019493101,-2.3972686734084525
2013-04-16,17.21,17.2051,-0.0285,15.9751,12.6386,1.65,1.5224,7138931489.06,1.9431,11.2014,5.0,3.0,10.8,4.6539,6.111904365079365,4.830183864133194,0.1803365079365079,2.5821629124626257,10.942088229212558,-2.4018264045261177
2013-04-17,17.23,17.3333,0.5995,15.9937,12.6431,1.6519,1.5229,7147227748.78,1.9431,11.2167,5.0,3.0,10.8,4.6539,6.10979623015873,4.832361260548599,0.1861468253968254,2.582276791289192,10.942157490707327,-2.3961299658923663
2013-04-18,17.2,17.3333,0.775,15.9658,12.6732,1.649,1.5236,7134783359.2,1.9431,11.2167,5.0,3.0,10.8,4.6539,6.1032777777777785,4.837344584653654,0.1840071428571428,2.5816714085316,10.940622362431434,-2.397664265674457
2013-04-19,17.4,17.3333,-0.3833,16.1515,12.6743,1.6682,1.524,7217745956.4,1.9431,11.2167,5.0,3.0,10.8,4.6539,6.095372222222222,4.8446921872916215,0.183697619047619,2.581737592536322,10.940064409513845,-2.398039973488704
2013-04-22,17.31,17.3333,0.1346,16.0679,12.6944,1.6596,1.5241,7180412787.66,1.9431,11.2167,5.0,3.0,10.8,4.6539,6.087766071428571,4.851043765075251,0.1982230158730158,2.5762223370561386,10.938809836503822,-2.3779993211831227
2013-04-23,17.63,17.3333,-1.6829,16.365,12.7067,1.6902,1.5241,7313152943.18,1.9431,11.2167,5.0,3.0,10.8,4.6539,6.0741507936507935,4.863213439033666,0.1977944444444444,2.5765331954177983,10.93736423268446,-2.378738750973354
2013-04-24,17.79,17.3333,-2.5672,16.5135,12.719,1.7056,1.5242,7379523020.94,1.9431,11.2167,5.0,3.0,10.8,4.6539,6.058494642857143,4.878312646349936,0.1976928571428571,2.576642826786346,10.93680728920708,-2.378949969643489
2013-04-25,17.78,17.3333,-2.5124,16.5042,12.7221,1.7046,1.5242,7375374891.08,1.9431,11.2167,5.0,3.0,10.8,4.6539,6.044798214285715,4.892674110694062,0.1927936507936508,2.5812366480817537,10.937472324979776,-2.3884429972881027
2013-04-26,17.55,17.3333,-1.2348,16.2907,12.7288,1.6826,1.5242,7279967904.3,1.9431,11.2167,5.0,3.0,10.8,4.6539,6.035094047619047,4.902262220819498,0.2022261904761904,2.5737609776258425,10.937356268438544,-2.371534787149652
2013-04-29,17.65,17.3333,-1.7943,16.3836,12.7414,1.6428,1.5253,7169929177.3,1.9816,11.2167,5.0,3.0,10.8,4.6539,6.02045119047619,4.91461353086202,0.2046039682539682,2.571760339080041,10.935064721338213,-2.367156370826073
2013-04-30,17.69,17.8974,1.1724,16.076,12.7453,1.668,1.5254,7186178308.58,1.6214,12.3839,5.0,3.0,10.8,4.6539,6.01497380952381,4.918481473855168,0.2331412698412698,2.562299035671702,10.93345528337898,-2.329157765830432
2013-05-01,17.61,17.8974,1.632,16.0251,12.7549,1.6281,1.5254,7153680046.02,1.7091,12.1764,5.0,3.0,10.8,4.6539,6.0114785714285714,4.920973308402006,0.2674047619047618,2.5518059662243324,10.932451879830577,-2.2844012043195705
2013-05-02,17.56,17.8974,1.9214,15.9796,12.7652,1.6235,1.5254,7133368631.92,1.7091,12.1764,5.0,3.0,10.8,4.6539,6.00855753968254,4.922966876078366,0.2935674603174603,2.551730149019221,10.931524415760906,-2.25816268870176
2013-05-03,17.65,17.8974,1.4017,16.0615,12.7672,1.6318,1.5264,7169929177.3,1.7091,12.1764,5.0,3.0,10.8,4.6539,5.999855158730158,4.927232805623071,0.3150722222222222,2.549542444554155,10.927087964353229,-2.234470222331933
2013-05-06,17.76,17.8974,0.7736,16.1616,12.7755,1.642,1.5275,7214614288.32,1.7091,12.1764,5.0,3.0,10.8,4.6539,5.989537698412698,4.932729139600043,0.3392865079365079,2.539190882603642,10.92226683801274,-2.199904374667134
2013-05-07,17.95,17.8974,-0.293,16.3345,12.776,1.6595,1.5278,7291797661.9,1.7091,12.1764,5.0,3.0,10.8,4.6539,5.976919047619048,4.940659378205047,0.3127373015873015,2.5280622879902337,10.917578425824097,-2.215324986402932
2013-05-08,17.94,17.8974,-0.2375,16.3254,12.7862,1.6586,1.5281,7287735379.08,1.7091,12.1764,5.0,3.0,10.8,4.6539,5.9617869047619045,4.947999421669928,0.2895039682539682,2.519478059961048,10.909786326431831,-2.229974091707079
2013-05-09,17.84,17.9486,0.6087,16.2211,12.8018,1.6493,1.5281,7247112550.88,1.7091,12.2079,5.0,3.0,10.8,4.6539,5.9496535714285725,4.953621435386067,0.2817920634920635,2.5169810356253115,10.903275006814638,-2.235188972133248
2013-05-10,17.91,17.9486,0.2155,16.2848,12.8124,1.6558,1.5281,7275548530.62,1.7091,12.2079,5.0,3.0,10.8,4.6539,5.9382287698412695,4.960201832681801,0.2658785714285714,2.510956315019857,10.89843060252307,-2.2450777435912856
2013-05-13,17.99,17.9486,-0.2301,16.3575,12.8208,1.6632,1.5292,7308046793.18,1.7091,12.2079,5.0,3.0,10.8,4.6539,5.9261043650793646,4.967805453957556,0.2458603174603174,2.504719107862927,10.89390981903692,-2.2588587904026096
2013-05-14,18.16,17.9486,-1.1641,16.5121,12.8239,1.6789,1.5292,7377105601.12,1.7091,12.2079,5.0,3.0,10.8,4.6539,5.909701388888888,4.977550615800984,0.2114960317460317,2.494017437931236,10.887252004689874,-2.282521406185204
2013-05-15,18.15,17.9486,-1.1096,16.503,12.8255,1.678,1.5292,7373043318.3,1.7091,12.2079,5.0,3.0,10.8,4.6539,5.899688095238096,4.98659475329363,0.1769880952380952,2.481851694476949,10.886282848531726,-2.3048635992388538
2013-05-16,17.81,17.9486,0.7782,16.1939,12.8276,1.6466,1.5292,7234925702.42,1.7091,12.2079,5.0,3.0,10.8,4.6539,5.889805555555555,4.991806930045239,0.1539912698412698,2.462521658106612,10.881612485600794,-2.308530388265342
2013-05-17,17.86,17.9486,0.4961,16.2393,12.8327,1.6512,1.5292,7255237116.52,1.7091,12.2079,5.0,3.0,10.8,4.6539,5.881367063492064,4.997330815229796,0.1297325396825396,2.443756588036881,10.87869787872186,-2.3140240483543417
2013-05-20,17.81,17.9486,0.7782,16.1939,12.8493,1.6466,1.5297,7234925702.42,1.7091,12.2079,5.0,2.0,11.0,4.6539,5.8724,5.002432527287051,0.1134801587301587,2.432464845214446,10.874832527287053,-2.318984686484287
2013-05-21,17.58,17.9486,2.0967,15.9847,12.8496,1.6253,1.5298,7141493197.56,1.7091,12.2079,5.0,2.0,11.0,4.6539,5.866775793650794,5.005085463012285,0.1223150793650793,2.4376661695670627,10.871861256663076,-2.315351090201984
2013-05-22,17.38,17.923,3.1243,15.8591,12.8498,1.6068,1.5299,7060247541.16,1.7091,11.7398,5.0,2.0,11.0,4.6539,5.8628277777777775,5.006464942593088,0.1303222222222222,2.4459084068507524,10.869292720370863,-2.3155861846285304
2013-05-23,17.49,17.923,2.4757,15.9595,12.8531,1.617,1.5302,7104932652.18,1.7091,11.7398,5.0,2.0,11.0,4.6539,5.857774404761905,5.008599655447441,0.1308468253968253,2.446408219237093,10.866374060209344,-2.315561393840268
2013-05-24,17.43,17.923,2.8285,15.9047,12.8577,1.6114,1.5307,7080558955.26,1.7091,11.7398,5.0,2.0,11.0,4.6539,5.85195992063492,5.010415230526003,0.1436357142857142,2.456323961645786,10.862375151160922,-2.312688247360072
2013-05-28,17.25,17.923,3.9014,15.7405,12.8704,1.5948,1.5312,7007437864.5,1.7091,11.7398,5.0,2.0,11.0,4.6539,5.844720833333334,5.010592843812355,0.169861111111111,2.4787408410232232,10.855313677145688,-2.308879729912112
2013-05-29,17.2,17.923,4.2035,15.6949,12.8708,1.5902,1.5312,6987126450.4,1.7091,11.7398,5.0,2.0,11.0,4.6539,5.8342422619047625,5.008487282335417,0.2044182539682539,2.5044544861795925,10.84272954424018,-2.3000362322113386
2013-05-30,17.38,17.923,3.1243,15.8591,12.8712,1.6068,1.5312,7060247541.16,1.7091,11.7398,5.0,2.0,11.0,4.6539,5.822983730158731,5.008188076694382,0.2271841269841269,2.5179266066958723,10.831171806853114,-2.2907424797117453
2013-05-31,17.07,17.923,4.9971,15.5549,12.8742,1.5782,1.5313,6934316773.74,1.7091,11.7429,5.0,2.0,11.0,4.6539,5.817356547619048,5.007518185549107,0.2712388888888888,2.552476314859065,10.824874733168157,-2.2812374259701755
2013-06-03,17.16,17.923,4.4464,15.637,12.8846,1.5865,1.5317,6970877319.12,1.7091,11.7429,5.0,2.0,11.0,4.6539,5.810048015873016,5.006824298778901,0.3119841269841269,2.5778991839222467,10.816872314651915,-2.26591505693812
2013-06-04,17.19,17.923,4.2641,15.6643,12.89,1.5893,1.5318,6983064167.58,1.7091,11.7429,5.0,2.0,11.0,4.6539,5.800646031746032,5.005266019037947,0.3591484126984127,2.595491532353441,10.80591205078398,-2.2363431196550283
2013-06-05,16.95,17.923,5.7404,15.4456,12.8968,1.5671,1.5318,6885569379.9,1.7091,11.735,5.0,2.0,11.0,4.6539,5.796855158730159,5.004585293406355,0.4096333333333333,2.6378000878309464,10.801440452136514,-2.228166754497613
2013-06-06,17.23,17.923,4.0221,15.7007,12.9034,1.593,1.532,6999313298.86,1.7091,11.735,5.0,2.0,11.0,4.6539,5.788513690476191,5.00403168916365,0.4432857142857143,2.656707490672474,10.79254537963984,-2.21342177638676
2013-06-07,17.4,17.923,3.0057,15.8557,12.916,1.6087,1.5322,7068372106.8,1.7091,11.735,5.0,2.0,11.0,4.6539,5.777195238095239,5.003861492495623,0.4747103174603174,2.66345869746344,10.781056730590862,-2.1887483800031227
2013-06-10,17.42,17.923,2.8875,15.9305,12.929,1.6105,1.5326,7076496672.44,1.7091,11.4887,5.0,2.0,11.0,4.6539,5.765061904761906,5.003438791107457,0.5025531746031746,2.670244155299434,10.768500695869363,-2.16769098069626
2013-06-11,17.21,17.923,4.1429,15.7385,12.9293,1.5911,1.5328,6991188733.22,1.7091,11.4887,5.0,2.0,11.0,4.6539,5.754249404761905,5.001039064404249,0.5424753968253968,2.6868496013195053,10.755288469166151,-2.1443742044941088
2013-06-12,17.15,17.923,4.5073,15.6836,12.9332,1.5856,1.5334,6966815036.3,1.7091,11.4887,5.0,2.0,11.0,4.6539,5.743372817460318,4.997770544105232,0.5826428571428571,2.708076543037422,10.74114336156555,-2.125433685894565
2013-06-13,17.31,17.923,3.5413,15.8299,12.9375,1.6003,1.5343,7031811561.42,1.7091,11.4887,5.0,2.0,11.0,4.6539,5.725839087301588,4.9899422215645455,0.6119444444444444,2.7200257340712475,10.715781308866134,-2.108081289626803
2013-06-14,17.18,17.923,4.3248,15.711,12.9412,1.5883,1.5356,6979001884.76,1.7091,11.4887,5.0,2.0,11.0,4.6539,5.711224801587302,4.983220261145725,0.649831746031746,2.73831528661421,10.694445062733028,-2.0884835405824647
2013-06-17,17.41,17.923,2.9466,15.9214,12.9651,1.6096,1.5373,7072434389.62,1.7091,11.4887,5.0,2.0,11.0,4.6539,5.695881547619047,4.979796016257637,0.6724904761904762,2.7454619387909043,10.675677563876684,-2.072971462600428
2013-06-18,17.56,17.923,2.0672,16.0585,12.968,1.6235,1.5381,7133368631.92,1.7091,11.4887,5.0,2.0,11.0,4.6539,5.674951388888888,4.972816321297794,0.6829849206349207,2.7482667292407648,10.64776771018668,-2.065281808605844
2013-06-19,17.09,17.923,4.8742,15.6287,12.9686,1.58,1.5381,6942441339.38,1.7091,11.4887,5.0,2.0,11.0,4.6539,5.662562896825397,4.9670034212903005,0.7156626984126984,2.7735140736254427,10.629566318115698,-2.0578513752127443
2013-06-20,16.91,17.923,5.9905,15.4641,12.9696,1.5634,1.5383,6869320248.62,1.7091,11.4887,5.0,2.0,11.0,4.6539,5.650450992063492,4.9587229623136855,0.7350619047619048,2.801873786218444,10.609173954377177,-2.06681188145654
2013-06-21,16.77,17.923,6.8754,15.3361,12.9696,1.5504,1.5395,6812448289.14,1.7091,11.4887,5.0,2.0,11.0,4.6539,5.641520436507937,4.952439268926419,0.7622253968253969,2.844695795390217,10.593959705434356,-2.08247039856482
2013-06-24,16.72,17.923,7.195,15.2904,12.9723,1.5458,1.5408,6792136875.04,1.7091,11.4887,5.0,2.0,11.0,4.6539,5.633021428571429,4.9460737854374015,0.7840365079365079,2.8834442305439936,10.57909521400883,-2.0994077226074856
2013-06-25,16.7,17.923,7.3234,15.2721,12.9764,1.544,1.5408,6784012309.4,1.7091,11.4887,5.0,2.0,11.0,4.6539,5.623349007936508,4.937969340620235,0.7953293650793651,2.9063383649416537,10.561318348556744,-2.1110089998622885
2013-06-26,16.95,17.923,5.7404,15.5007,12.9804,1.5671,1.5408,6885569379.9,1.7091,11.4887,5.0,2.0,11.0,4.6539,5.609088690476191,4.927199704481631,0.7963920634920635,2.908135560598481,10.536288394957822,-2.111743497106417
2013-06-27,17.18,17.923,4.3248,15.711,12.9837,1.5844,1.5408,6979001884.76,1.7202,11.4887,5.0,2.0,11.0,4.6539,5.589707539682539,4.91295309492215,0.7891174603174603,2.8980565266560334,10.50266063460469,-2.108939066338573
2013-06-28,17.14,17.923,4.5683,15.6744,12.9869,1.5808,1.5414,6962752753.48,1.7202,11.4663,5.0,2.0,11.0,4.6539,5.575387103174602,4.905369665977565,0.7849293650793651,2.892157986502765,10.480756769152167,-2.1072286214234
2013-07-01,17.33,17.923,3.4218,15.8482,13.01,1.5983,1.542,7039936127.06,1.7202,11.4793,5.0,2.0,11.0,4.6539,5.556318253968254,4.8949927501925234,0.7704880952380952,2.874214892804308,10.451311004160775,-2.103726797566212
2013-07-02,17.1,17.923,4.8129,15.6379,13.0108,1.5771,1.542,6946503622.2,1.7202,11.4793,5.0,2.0,11.0,4.6539,5.540217658730159,4.884032102714261,0.7790444444444444,2.8846956589439072,10.424249761444418,-2.1056512144994626
2013-07-03,17.12,17.923,4.6904,15.6576,13.0117,1.5789,1.5421,6954628187.84,1.7202,11.4175,5.0,2.0,11.0,4.6539,5.521295039682539,4.868758825290282,0.7933079365079365,2.8996372805055186,10.39005386497282,-2.106329343997582
2013-07-05,17.31,17.923,3.5413,15.8314,13.0163,1.5964,1.5421,7031811561.42,1.7202,11.4175,5.0,2.0,11.0,4.6539,5.504478968253968,4.8609102469006205,0.7962373015873015,2.90224505721319,10.36538921515459,-2.1060077556258885
2013-07-08,17.38,17.923,3.1243,15.8954,13.0246,1.6029,1.5434,7060247541.16,1.7202,11.4175,5.0,2.0,11.0,4.6539,5.485599603174603,4.851612559157487,0.8030111111111111,2.906706804401931,10.33721216233209,-2.10369569329082
2013-07-09,17.47,17.923,2.593,15.9777,13.0248,1.6112,1.5435,7096808086.54,1.7202,11.3765,5.0,2.0,11.0,4.6539,5.467514880952381,4.8453569436983255,0.7973023809523809,2.902442390883102,10.312871824650706,-2.105140009930721
2013-07-10,17.59,17.923,1.8931,15.9258,13.0251,1.6223,1.5436,7145555480.38,1.7202,11.3953,5.0,2.0,11.0,4.6539,5.450396230158731,4.842708123772608,0.7871507936507937,2.8962998848531374,10.29310435393134,-2.109149091202344
2013-07-11,17.79,17.923,0.7476,16.1068,13.026,1.6407,1.5438,7226801136.78,1.7202,11.3953,5.0,2.0,11.0,4.6539,5.430805555555555,4.841719595384143,0.7706746031746032,2.8905215615163247,10.272525150939698,-2.119846958341721
2013-07-12,17.95,17.923,-0.1504,16.2517,13.028,1.6555,1.544,7291797661.9,1.7202,11.384,5.0,2.0,11.0,4.6539,5.406810714285714,4.8393479314135375,0.7430992063492063,2.88252937351908,10.246158645699252,-2.139430167169873
2013-07-15,18.18,17.923,-1.4136,16.4599,13.0348,1.6767,1.5463,7385230166.76,1.7202,11.384,5.0,2.0,11.0,4.6539,5.38253253968254,4.842816044461076,0.7104412698412699,2.883476187695003,10.225348584143616,-2.173034917853733
2013-07-16,18.0,17.923,-0.4278,16.2984,13.0382,1.6601,1.5468,7312109076.0,1.7202,11.3751,5.0,2.0,11.0,4.6539,5.362585317460318,4.846007975112447,0.6910301587301587,2.882835788990436,10.208593292572765,-2.1918056302602773
2013-07-17,18.2,17.923,-1.522,16.4795,13.0395,1.6785,1.5468,7393354732.4,1.7202,11.3751,5.0,2.0,11.0,4.6539,5.337087103174603,4.8483602943909645,0.661315873015873,2.886222661997333,10.185447397565568,-2.2249067889814595
2013-07-18,18.38,17.923,-2.4864,16.6425,13.0456,1.6951,1.547,7466475823.16,1.7202,11.3751,5.0,2.0,11.0,4.6539,5.3084573412698415,4.851876380633358,0.6190507936507935,2.893061887253763,10.1603337219032,-2.274011093602969
2013-07-19,18.47,17.923,-2.9616,16.724,13.0516,1.7034,1.5475,7503036368.54,1.7202,11.3751,5.0,2.0,11.0,4.6539,5.276616071428572,4.8533894588671584,0.5683698412698412,2.899454355626954,10.13000553029573,-2.331084514357113
2013-07-22,18.55,17.923,-3.3801,16.7965,13.0577,1.7108,1.548,7535534631.1,1.7202,11.3751,5.0,2.0,11.0,4.6539,5.244774801587302,4.857442375259436,0.5116039682539683,2.9062319686743985,10.102217176846738,-2.3946280004204303
2013-07-23,18.02,17.923,-0.5383,16.3166,13.061,1.6619,1.5481,7320233641.64,1.7202,11.3751,5.0,2.0,11.0,4.6539,5.217533333333334,4.851283066678506,0.4979412698412698,2.9070958274477503,10.06881640001184,-2.409154557606481
2013-07-24,17.95,17.923,-0.1504,16.2532,13.0642,1.6555,1.5482,7291797661.9,1.7202,11.3751,5.0,2.0,11.0,4.6539,5.194149206349207,4.8486909150390005,0.4831166666666667,2.905589235628627,10.042840121388206,-2.42247256896196
2013-07-25,18.09,17.923,-0.9232,16.3799,13.0673,1.6738,1.5482,7372535541.3,1.7202,11.3751,5.0,2.0,11.0,4.6539,5.1692317460317465,4.8477932730793,0.4642849206349206,2.9069641254634946,10.017025019111044,-2.442679204828574
2013-07-26,18.18,18.3076,0.7019,16.4361,13.068,1.7318,1.5483,7409214822.6,1.6519,11.3205,6.0,3.0,9.8333,4.6539,5.1499484126984125,4.846191928255052,0.4540873015873015,2.903832445827136,9.996140340953463,-2.4497451442398344
2013-07-29,18.12,18.3076,1.0353,16.3819,13.0758,1.7261,1.549,7384761968.4,1.6519,11.3205,6.0,3.0,9.8333,4.6539,5.138253373015873,4.849000034044894,0.4465357142857143,2.9010505322443514,9.987253407060766,-2.454514817958637
2013-07-30,18.06,18.3076,1.371,16.3276,13.0776,1.7204,1.5492,7360309114.2,1.6519,11.3205,6.0,3.0,9.8333,4.6539,5.124989087301588,4.850145655850146,0.4459119047619047,2.900841562101952,9.975134743151736,-2.454929657340047
2013-07-31,18.06,18.3076,1.371,16.3276,13.0787,1.7204,1.5492,7360309114.2,1.6519,11.3205,6.0,3.0,9.8333,4.6539,5.109634126984127,4.849755024190185,0.4489809523809523,2.901620182579938,9.959389151174312,-2.4526392301989857
2013-08-01,18.13,18.3076,0.9796,16.3909,13.0798,1.727,1.5492,7388837444.1,1.6519,11.3205,6.0,3.0,9.8333,4.6539,5.093310515873016,4.849783091592388,0.4623420634920634,2.900144671077196,9.943093607465403,-2.4378026075851325
2013-08-02,18.11,18.3076,1.0911,16.3728,13.0831,1.7251,1.5497,7380686492.7,1.6519,11.3205,6.0,3.0,9.8333,4.6539,5.074160317460318,4.846485339096785,0.4896142857142857,2.889670178708157,9.920645656557102,-2.400055892993872
2013-08-05,18.04,18.3076,1.4834,16.3096,13.0862,1.7185,1.5499,7352158162.8,1.6519,11.3205,6.0,3.0,9.8333,4.6539,5.054401587301587,4.840769801148475,0.5044190476190477,2.8899474036658925,9.895171388450064,-2.3855283560468448
2013-08-06,17.94,18.3076,2.0491,16.2191,13.0877,1.7089,1.5501,7311403405.8,1.6519,11.3205,6.0,3.0,9.8333,4.6539,5.034562301587301,4.832532838353479,0.533336507936508,2.887004972509997,9.86709513994078,-2.3536684645734898
2013-08-07,17.92,18.3589,2.4492,16.1864,13.0892,1.6943,1.5502,7303252454.4,-0.4143,11.3442,6.0,3.0,9.8333,4.6539,5.013071626984127,4.819856785681655,0.5733531746031747,2.878256589109245,9.832928412665783,-2.3049034145060703
2013-08-08,17.89,18.3589,2.621,16.1462,13.0955,1.6915,1.5502,7291026027.3,-0.4143,11.3785,6.0,3.0,9.8333,4.6539,4.991715674603175,4.8065180605562565,0.61815,2.8657264307887,9.798233735159432,-2.2475764307887
2013-08-09,17.99,18.2051,1.1957,16.2365,13.0986,1.7009,1.5504,7331780784.3,-0.4143,11.3785,6.0,3.0,9.8333,4.6539,4.948989087301587,4.743827683740387,0.6634515873015873,2.828854131771096,9.692816771041976,-2.1654025444695084
2013-08-12,17.85,18.2051,1.9894,16.1101,13.0995,1.6877,1.5505,7274724124.5,-0.4143,11.3785,6.0,3.0,9.8333,4.6539,4.923240873015873,4.724526074734987,0.7219714285714286,2.7785690206251994,9.64776694775086,-2.056597592053771
2013-08-13,17.95,18.2051,1.4212,16.2004,13.1038,1.6972,1.5506,7315478881.5,-0.4143,11.3785,6.0,3.0,9.8333,4.6539,4.889141071428571,4.687438492281893,0.7272317460317461,2.779265848835815,9.576579563710464,-2.052034102804069
2013-08-14,18.06,18.2051,0.8034,16.2996,13.1081,1.7076,1.5508,7360309114.2,-0.4143,11.3785,6.0,3.0,9.8333,4.6539,4.865817857142858,4.678439011666512,0.7205563492063491,2.77805491405773,9.54425686880937,-2.0574985648513806
2013-08-15,17.92,18.2051,1.591,16.1733,13.1096,1.6943,1.5508,7303252454.4,-0.4143,11.3785,6.0,3.0,9.8333,4.6539,4.8436498015873015,4.667398750275722,0.7157182539682541,2.775986789346279,9.511048551863023,-2.060268535378025
2013-08-16,17.81,18.2051,2.2184,16.074,13.1139,1.6839,1.5513,7258422221.7,-0.4143,11.3785,6.0,3.0,9.8333,4.6539,4.830414484126985,4.66536201444789,0.7133007936507936,2.7745325813045163,9.495776498574877,-2.061231787653723
2013-08-19,17.74,18.2051,2.6218,16.0108,13.1198,1.6773,1.5514,7229893891.8,-0.4143,11.3785,6.0,3.0,9.8333,4.6539,4.812614484126985,4.656615017063953,0.7212087301587301,2.778570057249612,9.469229501190938,-2.0573613270908817
2013-08-20,17.82,18.2051,2.1611,16.083,13.1295,1.6849,1.5514,7262497697.4,-0.4143,11.3785,6.0,3.0,9.8333,4.6539,4.796638690476191,4.651860550487711,0.7187777777777777,2.777163738345861,9.4484992409639,-2.058385960568083
2013-08-21,17.63,18.2051,3.2621,15.9116,13.1298,1.6669,1.552,7185063659.1,-0.4143,11.3785,6.0,3.0,9.8333,4.6539,4.776075992063492,4.635632604769328,0.7255952380952381,2.782380986245069,9.41170859683282,-2.0567857481498306
2013-08-22,17.9,18.2051,1.7045,16.1552,13.1306,1.6924,1.5528,7295101503.0,-0.4143,11.3785,6.0,3.0,9.8333,4.6539,4.748452976190476,4.612268711692521,0.7291198412698413,2.7833449907627537,9.360721687882997,-2.0542251494929125
2013-08-23,17.82,18.2051,2.1611,16.083,13.1325,1.6849,1.553,7262497697.4,-0.4143,11.3785,6.0,3.0,9.8333,4.6539,4.721735912698413,4.58806757635593,0.7327658730158729,2.784929654010486,9.309803489054342,-2.0521637809946136
2013-08-26,17.75,18.2051,2.5639,16.0199,13.1421,1.6783,1.5533,7233969367.5,-0.4143,11.3785,6.0,3.0,9.8333,4.6539,4.697086706349206,4.566126789141388,0.7514928571428572,2.789277662827691,9.263213495490591,-2.0377848056848338
2013-08-27,17.69,18.2051,2.9118,15.9657,13.1485,1.6726,1.5533,7209516513.3,-0.4143,11.3785,6.0,3.0,9.8333,4.6539,4.673337896825396,4.54412698429914,0.7729809523809524,2.795450679878867,9.217464881124537,-2.022469727497915
2013-08-28,17.72,18.2051,2.7376,15.9928,13.1489,1.6754,1.5534,7221742940.4,-0.4143,11.3785,6.0,3.0,9.8333,4.6539,4.645401785714285,4.51248936090744,0.7964873015873015,2.799448231348169,9.157891146621726,-2.002960929760868
2013-08-29,17.82,18.2051,2.1611,16.083,13.1493,1.6849,1.554,7262497697.4,-0.4143,11.3785,6.0,3.0,9.8333,4.6539,4.620791468253969,4.492060993066978,0.8221333333333334,2.79701011853746,9.112852461320948,-1.9748767852041265
2013-08-30,17.77,18.2051,2.4485,16.0379,13.1493,1.6801,1.5545,7242120318.9,-0.4143,11.3785,6.0,3.0,9.8333,4.6539,4.605578968253968,4.486394522296921,0.8481531746031746,2.796767302917919,9.091973490550888,-1.948614128314745
2013-09-03,17.81,18.2051,2.2184,16.074,13.1523,1.6839,1.5553,7258422221.7,-0.4143,11.3785,6.0,3.0,9.8333,4.6539,4.586780357142858,4.476477400613313,0.8659753968253968,2.798299097571733,9.06325775775617,-1.932323700746336
2013-09-04,17.76,18.2051,2.5062,15.9899,13.1559,1.6792,1.5559,7238044843.2,-0.4143,11.5127,7.0,3.0,9.8333,4.6539,4.569736706349207,4.467988943325137,0.8870388888888888,2.8005948277029447,9.037725649674345,-1.913555938814056
2013-09-05,17.74,18.2307,2.7661,15.9705,13.1583,1.6773,1.556,7229893891.8,-0.4143,11.5094,7.0,3.0,9.8333,4.6539,4.554768055555555,4.461351034655837,0.9210079365079366,2.797194187913566,9.016119090211392,-1.8761862514056296
2013-09-06,17.76,18.2307,2.6503,15.9885,13.1624,1.6792,1.5561,7238044843.2,-0.4143,11.5094,7.0,3.0,9.8333,4.6539,4.533605753968254,4.444975682314616,0.9572992063492064,2.789661554913121,8.97858143628287,-1.8323623485639149
2013-09-09,17.87,18.2307,2.0185,16.0991,13.1799,1.6896,1.5565,7282875075.9,-0.4143,11.5094,7.0,3.0,9.8333,4.6539,4.508921031746032,4.424239918482746,0.9913333333333332,2.7761015516873524,8.933160950228778,-1.784768218354019
2013-09-10,17.9,18.2307,1.8475,16.1261,13.1804,1.6924,1.5569,7295101503.0,-0.4143,11.5094,7.0,3.0,9.8333,4.6539,4.48997996031746,4.415131200882824,1.0240103174603177,2.7616023869582715,8.905111161200285,-1.737592069497954
2013-09-11,17.95,18.2307,1.5638,16.1712,13.181,1.6972,1.557,7315478881.5,-0.4143,11.5094,7.0,3.0,9.8333,4.6539,4.467678373015873,4.401419472537129,1.061243650793651,2.7366940584143284,8.869097845553002,-1.6754504076206775
2013-09-12,17.65,18.2307,3.2901,15.9009,13.1832,1.6688,1.5572,7193214610.5,-0.4143,11.5094,7.0,3.0,9.8333,4.6539,4.443413888888889,4.373995441382855,1.117981746031746,2.7078274134192983,8.817409330271744,-1.5898456673875525
2013-09-13,17.67,18.2307,3.1732,15.9189,13.185,1.6707,1.5576,7201365561.9,-0.4143,11.5094,7.0,3.0,9.8333,4.6539,4.421470833333333,4.352476530604797,1.1737920634920636,2.6767192890285347,8.773947363938131,-1.5029272255364712
2013-09-16,17.76,18.2307,2.6503,16.0,13.1857,1.6792,1.5578,7238044843.2,-0.4143,11.5094,7.0,3.0,9.8333,4.6539,4.400962698412698,4.336360942602696,1.2245650793650793,2.6430941727096497,8.737323641015394,-1.4185290933445704
2013-09-17,17.88,18.2307,1.9614,16.1081,13.1884,1.6905,1.5578,7286950551.6,-0.4143,11.5094,7.0,3.0,9.8333,4.6539,4.3817587301587295,4.325656095220507,1.2786507936507936,2.5868529662043565,8.707414825379237,-1.3082021725535629
2013-09-18,18.04,18.2307,1.0571,16.2523,13.1912,1.7057,1.5578,7352158162.8,-0.4143,11.5094,7.0,3.0,9.8333,4.6539,4.362149801587301,4.31826148267141,1.3268595238095235,2.5244318914855834,8.68041128425871,-1.19757236767606
2013-09-19,18.02,18.2307,1.1693,16.2342,13.1946,1.7038,1.5578,7344007211.4,-0.4143,11.5094,7.0,3.0,9.8333,4.6539,4.343940674603174,4.312321244031093,1.369854761904762,2.474358544354082,8.656261918634268,-1.10450378244932
2013-09-20,18.04,18.2307,1.0571,16.2523,13.1946,1.7057,1.5579,7352158162.8,-0.4143,11.5094,7.0,3.0,9.8333,4.6539,4.320110317460317,4.2971765834598825,1.400868253968254,2.445355861993308,8.617286900920199,-1.0444876080250536
2013-09-23,17.94,18.2307,1.6204,16.1622,13.1986,1.6962,1.5584,7311403405.8,-0.4143,11.5094,7.0,3.0,9.8333,4.6539,4.298214087301587,4.282707971218606,1.435905555555555,2.416219757896577,8.580922058520194,-0.9803142023410216
2013-09-24,17.9,18.2307,1.8475,16.1261,13.1986,1.6924,1.5584,7295101503.0,-0.4143,11.5094,7.0,3.0,9.8333,4.6539,4.268980952380952,4.248851326336833,1.469603968253968,2.391799992253748,8.517832278717785,-0.9221960239997796
2013-09-25,18.0,18.2307,1.2817,16.2162,13.1986,1.7019,1.5586,7335856260.0,-0.4143,11.5094,7.0,3.0,9.8333,4.6539,4.2357587301587305,4.206320924022302,1.50105873015873,2.3626536762302,8.442079654181033,-0.8615949460714691
2013-09-26,18.06,18.2307,0.9452,16.2703,13.1986,1.7076,1.5588,7360309114.2,-0.4143,11.5094,7.0,3.0,9.8333,4.6539,4.202758333333334,4.166496776597038,1.5421865079365078,2.30640539282612,8.369255109930371,-0.7642188848896121
2013-09-27,18.05,18.2307,1.0011,16.2613,13.2016,1.7066,1.5589,7356233638.5,-0.4143,11.5094,7.0,3.0,9.8333,4.6539,4.172929761904761,4.135318980038543,1.579984126984127,2.257295661819012,8.308248741943304,-0.6773115348348846
2013-09-30,18.04,18.2307,1.0571,16.223,13.2065,1.7057,1.5592,7352158162.8,-0.4143,11.6752,7.0,3.0,9.8333,4.6539,4.144072222222222,4.106053127918144,1.6169158730158728,2.2094897064586942,8.250125350140365,-0.5925738334428214
2013-10-01,18.3,18.2307,-0.3787,16.4111,13.2094,1.7303,1.5592,7458120531.0,-0.4143,11.9774,7.0,3.0,9.8333,4.6539,4.108001190476191,4.065492777914479,1.635834126984127,2.181723309905939,8.17349396839067,-0.545889182921812
2013-10-02,18.37,18.2307,-0.7583,16.4739,13.2122,1.7369,1.5595,7486648860.9,-0.4143,12.0073,7.0,3.0,9.8333,4.6539,4.07850119047619,4.046673218339024,1.6486119047619048,2.1627164234124727,8.125174408815212,-0.5141045186505679
2013-10-03,18.19,18.2307,0.2237,16.3124,13.2127,1.7199,1.5604,7413290298.3,-0.4143,12.0073,7.0,3.0,9.8333,4.6539,4.049613095238096,4.0219959180682014,1.666481746031746,2.141291553111117,8.071609013306297,-0.4748098070793711
2013-10-04,18.32,18.282,-0.2074,16.429,13.2166,1.7321,1.5615,7466271482.4,-0.4143,12.141,7.0,3.0,9.8333,4.6539,4.014518452380952,3.981536163731037,1.679053968253968,2.125417735529893,7.996054616111989,-0.4463637672759251
2013-10-07,18.32,18.282,-0.2074,16.429,13.2303,1.7321,1.5622,7466271482.4,-0.4143,12.2292,7.0,3.0,9.8333,4.6539,3.986641865079365,3.96172510003956,1.688007142857143,2.114967880008929,7.948366965118925,-0.4269607371517858
2013-10-08,18.34,18.282,-0.3162,16.447,13.2312,1.7466,1.5623,7474422433.8,1.6917,12.2292,7.0,3.0,9.8333,4.6539,3.959980158730159,3.945310245051055,1.6880555555555554,2.114921564221657,7.905290403781214,-0.4268660086661018
2013-10-09,18.14,18.282,0.7828,16.2676,13.232,1.7276,1.5623,7392912919.8,1.6917,12.9242,8.0,3.0,9.8333,4.6539,3.935904563492064,3.927526553492484,1.6982000000000002,2.1074167991740245,7.863431116984547,-0.4092167991740243
2013-10-10,18.59,18.282,-1.6568,16.6712,13.232,1.7704,1.5623,7576309326.3,1.6917,13.0024,8.0,3.0,9.8333,4.6539,3.902248412698413,3.902499443148544,1.6982325396825395,2.107364548884125,7.804747855846955,-0.4091320092015851
2013-10-11,18.66,18.282,-2.0257,16.7369,13.2407,1.7771,1.5623,7604837656.2,1.6917,13.5387,9.0,3.0,9.8333,4.6539,3.8734303571428574,3.892508022131336,1.6722468253968257,2.1329856999311394,7.765938379274193,-0.4607388745343139
2013-10-14,18.7,18.282,-2.2353,16.7728,13.2468,1.7809,1.5636,7621139559.0,1.6917,13.5387,9.0,3.0,9.8333,4.6539,3.8409287698412697,3.8749162697585753,1.65473253968254,2.155998574056484,7.715845039599845,-0.5012660343739441
2013-10-15,18.56,18.3589,-1.0835,16.6472,13.247,1.7676,1.5638,7564082899.2,1.6917,13.6856,9.0,3.0,9.8333,4.6539,3.8115382936507936,3.8558952141579694,1.6413753968253968,2.1677696428796893,7.667433507808765,-0.5263942460542925
2013-10-16,18.84,18.3589,-2.5536,16.8984,13.2471,1.7943,1.564,7678196218.8,1.6917,13.6856,9.0,3.0,9.8333,4.6539,3.7800507936507937,3.8429006424927015,1.6149579365079365,2.1984766219674485,7.622951436143495,-0.583518685459512
2013-10-17,18.95,18.3589,-3.1193,16.997,13.2495,1.8047,1.5642,7723026451.5,1.6917,13.804,9.0,3.0,9.8333,4.6539,3.750859722222223,3.839311083919866,1.5932436507936507,2.2316329183986023,7.590170806142089,-0.6383892676049516
2013-10-18,18.98,18.4615,-2.7318,16.9783,13.2539,1.8079,1.5646,7735252878.6,1.6916,13.7935,10.0,3.0,9.8333,4.6539,3.720841666666667,3.830708173290727,1.5704944444444446,2.261037528686728,7.551549839957394,-0.6905430842422835
2013-10-21,18.98,18.4615,-2.7318,16.9783,13.2639,1.8079,1.5643,7735252878.6,1.6916,13.7935,10.0,3.0,9.8333,4.6539,3.6928146825396815,3.826129668994351,1.5621698412698413,2.274999373477732,7.518944351534033,-0.7128295322078908
2013-10-22,19.18,18.4615,-3.7461,17.1572,13.2675,1.827,1.5646,7816762392.6,1.6916,13.7935,10.0,3.0,9.8333,4.6539,3.6656962301587295,3.830328112476811,1.552813492063492,2.294459015780715,7.496024342635541,-0.7416455237172233
2013-10-23,19.08,18.4615,-3.2416,17.0677,13.2677,1.8174,1.5649,7776007635.6,1.6916,13.7935,10.0,3.0,9.8333,4.6539,3.645377380952381,3.8397606075566872,1.5470261904761904,2.30568686821725,7.485137988509068,-0.7586606777410598
2013-10-24,19.16,18.4615,-3.6456,17.1393,13.2694,1.8251,1.5658,7808611441.2,1.6916,13.7935,10.0,3.0,9.8333,4.6539,3.630615277777778,3.8534635806324986,1.5278928571428572,2.338722172373083,7.484078858410276,-0.8108293152302259
2013-10-25,19.16,18.4615,-3.6456,17.1393,13.271,1.8251,1.5664,7808611441.2,1.6916,13.7935,10.0,3.0,9.8333,4.6539,3.617888888888889,3.866884631266658,1.5132,2.3654234919271646,7.484773520155547,-0.8522234919271647
2013-10-28,19.19,18.5384,-3.3955,17.1815,13.2748,1.8304,1.5664,7831509216.21,1.6916,13.902,10.0,3.0,9.8333,4.6539,3.602762698412698,3.879383422371488,1.4769468253968252,2.4053559024707227,7.4821461207841855,-0.9284090770738976
2013-10-29,19.33,18.923,-2.1055,17.0383,13.2768,2.3379,1.5664,7888643728.47,-1.4604,15.0588,10.0,3.0,10.5667,4.6539,3.585295634920635,3.885234150334203,1.447284126984127,2.4263819099694373,7.470529785254838,-0.9790977829853102
2013-10-30,19.3,19.0256,-1.4218,16.8485,13.2793,2.3343,1.5664,7876400618.7,-1.4604,15.4605,10.0,3.0,10.5667,4.6539,3.5721301587301584,3.890943659417148,1.4207507936507937,2.439400415274268,7.463073818147306,-1.0186496216234742
2013-10-31,19.32,19.0256,-1.5238,16.866,13.2825,2.3367,1.5664,7884562691.88,-1.4604,15.4605,10.0,3.0,10.5667,4.6539,3.558076785714286,3.896539863962382,1.3975325396825398,2.453465124588814,7.454616649676668,-1.0559325849062742
2013-11-01,19.25,19.1025,-0.7662,16.8343,13.2832,2.3256,1.5666,7855995435.75,-1.5564,16.0068,11.0,3.0,10.5667,4.6539,3.54220753968254,3.897834438102959,1.385311904761905,2.460422758880686,7.440041977785499,-1.075110854118782
2013-11-04,19.23,19.1025,-0.663,16.8168,13.2888,2.3232,1.5671,7847833362.57,-1.5564,16.0068,11.0,3.0,10.5667,4.6539,3.519957142857143,3.889743936155093,1.382375396825397,2.462661622478969,7.409701079012236,-1.0802862256535724
2013-11-05,19.21,19.1025,-0.5596,16.7993,13.2941,2.3208,1.5671,7839671289.39,-1.5564,16.0068,11.0,3.0,10.5667,4.6539,3.5037857142857143,3.889728403944861,1.3798190476190475,2.464523048533974,7.393514118230575,-1.0847040009149262
2013-11-06,19.43,19.1025,-1.6855,16.9917,13.2968,2.3452,1.5671,7929454094.37,-1.4838,16.0068,11.0,3.0,10.5667,4.6539,3.485316666666667,3.892229388666077,1.361611111111111,2.478699684470965,7.377546055332743,-1.117088573359854
2013-11-07,19.31,19.1025,-1.0746,16.8868,13.3012,2.3308,1.5674,7880481655.29,-1.4838,16.0068,11.0,3.0,10.5667,4.6539,3.4687714285714284,3.89385713630448,1.3513722222222222,2.4861252750943845,7.362628564875909,-1.1347530528721623
2013-11-08,19.49,19.1538,-1.725,17.0159,13.3038,2.3525,1.5675,7953940313.91,-1.4838,16.1433,11.0,3.0,10.5667,4.6539,3.451466468253968,3.89752588141614,1.3395079365079368,2.497274732458849,7.348992349670107,-1.1577667959509124
2013-11-11,19.51,19.1538,-1.8257,17.0348,13.3096,2.3549,1.5685,7962102387.09,-1.4838,16.1351,11.0,3.0,10.5667,4.6539,3.43692003968254,3.903520378568514,1.3342571428571428,2.5032693036566163,7.340440418251054,-1.1690121607994737
2013-11-12,19.38,19.1538,-1.1672,16.9213,13.3109,2.3392,1.5687,7909048911.42,-1.4838,16.1351,11.0,3.0,10.5667,4.6539,3.4201910714285715,3.905152045774381,1.3338,2.503724385151231,7.325343117202951,-1.169924385151231
2013-11-13,19.48,19.1538,-1.6745,17.0086,13.3122,2.3513,1.5689,7949859277.32,-1.4838,16.1351,11.0,3.0,10.5667,4.6539,3.4010271825396825,3.906409680029186,1.3143341269841269,2.51757487782726,7.307436862568869,-1.203240750843133
2013-11-14,19.57,19.1538,-2.1267,17.0872,13.316,2.3621,1.5698,7986588606.63,-1.4838,16.1351,11.0,3.0,10.5667,4.6539,3.3867378968253967,3.9134393366909954,1.293518253968254,2.53517576682664,7.300177233516392,-1.241657512858385
2013-11-15,19.51,19.1538,-1.8257,17.0348,13.3198,2.3525,1.5698,7962102387.09,-1.4085,16.2253,11.0,3.0,10.5667,4.6539,3.372875595238096,3.919511713059,1.2728523809523808,2.549979888288376,7.292387308297094,-1.277127507335995
2013-11-18,19.46,19.1538,-1.5735,16.9912,13.3245,2.3464,1.5699,7941697204.14,-1.4085,16.2253,11.0,3.0,10.5667,4.6539,3.359853968253968,3.9250284651187,1.2437238095238097,2.561430488033881,7.284882433372667,-1.3177066785100715
2013-11-19,19.41,19.1538,-1.3199,16.9475,13.3266,2.3404,1.5699,7921292021.19,-1.4085,16.2253,11.0,3.0,10.5667,4.6539,3.3445396825396823,3.928205165112596,1.2084523809523808,2.565922235882296,7.2727448476522785,-1.3574698549299151
2013-11-20,19.28,19.1538,-0.6546,16.834,13.3286,2.3247,1.57,7868238545.52,-1.4085,16.2253,11.0,3.0,10.5667,4.6539,3.3271972222222224,3.92652457020576,1.18360873015873,2.568706903701567,7.253721792427982,-1.385098173542837
2013-11-21,19.41,19.282,-0.6595,16.9475,13.3286,2.3404,1.5701,7921292021.19,-1.4085,16.2253,11.0,3.0,10.5667,4.6539,3.3128456349206354,3.927853473246793,1.1559261904761906,2.569633001724077,7.240699108167428,-1.4137068112478863
2013-11-22,19.65,19.282,-1.8728,17.1571,13.3286,2.3693,1.5707,8019236899.35,-1.4085,16.2253,11.0,3.0,10.5667,4.6539,3.293443650793651,3.9292719389396327,1.1100992063492063,2.5717661824824365,7.2227155897332835,-1.4616669761332302
2013-11-25,19.62,19.282,-1.7227,17.1309,13.3355,2.3657,1.5718,8006993789.58,-1.4085,16.2253,11.0,3.0,10.5667,4.6539,3.273083134920635,3.928623467358952,1.0630658730158729,2.5689290470596795,7.201706602279588,-1.5058631740438069
2013-11-26,19.56,19.282,-1.4213,17.0785,13.3372,2.3585,1.5719,7982507570.04,-1.4085,16.2253,11.0,3.0,10.5667,4.6539,3.247575396825397,3.917245951989669,1.0269896825396825,2.571667094842103,7.164821348815066,-1.5446774123024207
2013-11-27,19.65,19.282,-1.8728,17.1571,13.339,2.3693,1.572,8019236899.35,-1.4085,16.2253,11.0,3.0,10.5667,4.6539,3.22941507936508,3.919729864004669,0.9724666666666668,2.559619334885742,7.149144943369748,-1.5871526682190753
2013-11-29,19.61,19.5384,-0.3651,16.8906,13.3424,2.3645,1.5726,8002912752.99,-1.4085,16.6615,11.0,3.0,10.5667,4.6539,3.215508134920635,3.920024958160037,0.9342801587301588,2.543216121119891,7.135533093080671,-1.6089359623897324
2013-12-02,19.51,19.5384,0.1456,16.8045,13.3452,2.3525,1.5736,7962102387.09,-1.4085,16.6615,11.0,3.0,10.5667,4.6539,3.2045069444444443,3.920846274903256,0.9015936507936508,2.5264888310460223,7.1253532193477,-1.6248951802523717
2013-12-03,19.55,19.5897,0.2031,16.8389,13.3462,2.3573,1.5738,7978426533.45,-1.4085,16.6615,11.0,3.0,10.5667,4.6539,3.19845,3.923124131613426,0.8576468253968255,2.4895360634686083,7.121574131613426,-1.6318892380717829
2013-12-04,19.44,19.5897,0.7701,16.7442,13.3476,2.344,1.574,7933535130.96,-1.4085,16.6615,11.0,3.0,10.5667,4.6539,3.1918777777777776,3.924414521014012,0.8318373015873015,2.4732710233935937,7.116292298791789,-1.6414337218062922
2013-12-05,19.24,19.5897,1.8176,16.5719,13.3489,2.3199,1.574,7851914399.16,-1.4085,16.6615,11.0,3.0,10.5667,4.6539,3.1863871031746034,3.9243975335133854,0.8224079365079365,2.467174157504379,7.11078463668799,-1.6447662209964422
2013-12-06,19.53,19.5897,0.3057,16.8217,13.3551,2.3549,1.5741,7970264460.27,-1.4085,16.6615,11.0,3.0,10.5667,4.6539,3.177896626984128,3.925994543166176,0.8019174603174604,2.460598333709432,7.103891170150304,-1.6586808733919711
2013-12-09,19.54,19.5897,0.2544,16.8303,13.3619,2.3561,1.5751,7974345496.86,-1.4085,16.6615,11.0,3.0,10.5667,4.6539,3.171599801587301,3.9281370624826657,0.7710563492063491,2.442679885027979,7.099736864069967,-1.6716235358216298
2013-12-10,19.32,19.5897,1.396,16.6408,13.362,2.3296,1.5751,7884562691.88,-1.4085,16.6615,11.0,3.0,10.5667,4.6539,3.167074404761905,3.9288676172146526,0.7463634920634922,2.420231127230919,7.095942021976557,-1.6738676351674266
2013-12-11,19.13,19.5897,2.403,16.4772,13.362,2.3066,1.5756,7807022996.67,-1.4085,16.6615,11.0,3.0,10.5667,4.6539,3.1618732142857144,3.928139016782079,0.7373293650793651,2.411824752408792,7.090012231067794,-1.6744953873294268
2013-12-12,19.13,19.5897,2.403,16.4772,13.3629,2.3066,1.5762,7807022996.67,-1.4085,16.6615,11.0,3.0,10.5667,4.6539,3.159345833333333,3.928216835423645,0.7220769841269842,2.3949739549704856,7.087562668756977,-1.6728969708435013
2013-12-13,19.01,19.5897,3.0494,16.319,13.3654,2.2922,1.5764,7758050557.59,-1.4085,16.5952,12.0,3.0,10.5667,4.6539,3.154748015873016,3.9269840401415887,0.7228928571428572,2.39575520706718,7.081732056014605,-1.672862349924323
2013-12-16,19.02,19.5897,2.9953,16.3276,13.372,2.2934,1.5764,7762131594.18,-1.4085,16.5952,12.0,3.0,10.5667,4.6539,3.1474553571428574,3.9238530974729,0.7302587301587302,2.401341646306104,7.071308454615757,-1.671082916147374
2013-12-17,18.96,19.5897,3.3212,16.2761,13.3732,2.2861,1.5766,7737645374.64,-1.4085,16.5952,12.0,3.0,10.5667,4.6539,3.1411579365079363,3.92101563855966,0.7179333333333333,2.3838234814853503,7.062173575067597,-1.665890148152017
2013-12-18,19.21,19.5897,1.9766,16.4483,13.3756,2.3163,1.5768,7839671289.39,-1.2517,16.8329,12.0,3.0,10.5667,4.6539,3.133404166666667,3.9194435232023626,0.6860769841269841,2.3392019377272604,7.052847689869029,-1.653124953600276
2013-12-19,19.28,19.5897,1.6063,16.5083,13.3781,2.3247,1.5771,7868238545.52,-1.2517,16.8329,12.0,3.0,10.5667,4.6539,3.1269603174603176,3.9192788387555537,0.6442587301587303,2.2738548056118524,7.046239156215871,-1.6295960754531222
2013-12-20,19.5,19.5897,0.46,16.6966,13.3819,2.3513,1.5771,7958021350.5,-1.2517,16.8329,12.0,3.0,10.5667,4.6539,3.115333531746032,3.918479750834539,0.5908063492063491,2.1964766293954296,7.033813282580571,-1.6056702801890803
2013-12-23,19.37,19.5897,1.1342,16.5853,13.3892,2.3356,1.5771,7904967874.83,-1.2517,16.8329,12.0,3.0,10.5667,4.6539,3.106251785714285,3.9177551158983617,0.5416857142857143,2.112301379811893,7.024006901612648,-1.5706156655261791
2013-12-24,19.54,19.5897,0.2544,16.7309,13.3892,2.3561,1.5774,7974345496.86,-1.2517,16.8329,12.0,3.0,10.5667,4.6539,3.097294246031746,3.919106705535114,0.4981460317460317,2.060182873539403,7.01640095156686,-1.5620368417933714
2013-12-26,19.54,19.5897,0.2544,16.7309,13.3894,2.3561,1.578,7974345496.86,-1.2517,16.8329,12.0,3.0,10.5667,4.6539,3.087660515873016,3.92011734758228,0.4658412698412698,2.0314109821215696,7.007777863455296,-1.5655697122802996
2013-12-27,19.48,19.5897,0.5631,16.6795,13.3897,2.3488,1.5785,7949859277.32,-1.2517,16.8329,12.0,3.0,10.5667,4.6539,3.0819761904761904,3.921699650617135,0.4340539682539682,1.9977603448124288,7.003675841093325,-1.563706376558461
2013-12-30,19.68,19.5897,-0.4588,16.8508,13.404,2.373,1.5785,8031480009.12,-1.2517,16.8329,12.0,3.0,10.5667,4.6539,3.0750819444444444,3.9248689772627054,0.4032555555555556,1.98117509564648,6.999950921707151,-1.577919540090924
2013-12-31,19.9,19.5897,-1.5593,17.0391,13.4053,2.3995,1.5789,8121262814.1,-1.2517,16.8329,12.0,3.0,10.5667,4.6539,3.0633646825396825,3.929878561959908,0.3526825396825397,1.9487765264631165,6.99324324449959,-1.5960939867805768
2014-01-02,19.12,19.5897,2.4566,16.3713,13.4259,2.3054,1.5789,7802941960.08,-1.2517,16.8329,12.0,3.0,10.5667,4.6539,3.060447619047619,3.9297820260822434,0.3349539682539682,1.918931614400336,6.990229645129862,-1.5839776461463675
2014-01-03,18.76,19.6153,4.5592,16.063,13.4319,2.262,1.5789,7656024642.84,-1.2517,16.8329,12.0,3.0,10.5667,4.6539,3.0612037698412697,3.930034163890877,0.3430325396825396,1.9346166422869544,6.991237933732148,-1.5915841026044149
2014-01-06,18.58,19.6153,5.5721,15.837,13.4481,2.2403,1.5782,7582565984.22,-1.252,17.2814,13.0,3.0,10.5667,4.6539,3.06226746031746,3.9306422210464977,0.3624595238095238,1.9746449575023663,6.992909681363958,-1.6121854336928425
2014-01-07,18.59,19.6153,5.5153,15.9175,13.4508,2.2415,1.5785,7586647020.81,-1.252,17.1192,13.0,3.0,10.5667,4.6539,3.0594817460317456,3.928400120838962,0.3856523809523809,2.017744317190668,6.9878818668707074,-1.632091936238287
2014-01-08,18.48,19.6153,6.1434,15.8233,13.4508,2.2283,1.5789,7541755618.32,-1.252,17.2316,13.0,3.0,10.5667,4.6539,3.061845634920635,3.929899367726601,0.4193849206349206,2.077782283303942,6.991745002647235,-1.6583973626690214
2014-01-09,18.64,19.6153,5.2323,15.9603,13.4508,2.2476,1.579,7607052203.76,-1.252,17.0218,14.0,3.0,10.5667,4.6539,3.061100793650793,3.9294514374507226,0.4549777777777777,2.1214036961180134,6.990552231101516,-1.6664259183402357
2014-01-10,18.54,19.6153,5.7999,15.8746,13.4532,2.2355,1.5796,7566241837.86,-1.252,17.0815,14.0,3.0,10.5667,4.6539,3.0591996031746027,3.927890651929941,0.5022023809523809,2.1734119093985,6.987090255104544,-1.6712095284461186
2014-01-13,18.38,19.6153,6.7209,15.7376,13.4768,2.2162,1.5801,7500945252.42,-1.252,17.0815,14.0,3.0,10.5667,4.6539,3.06048373015873,3.92898376870718,0.5667619047619047,2.2359636094664164,6.98946749886591,-1.6692017047045118
2014-01-14,18.49,19.6153,6.086,15.8318,13.4776,2.2295,1.5802,7545836654.91,-1.252,17.0815,14.0,3.0,10.5667,4.6539,3.058808134920635,3.927509840809473,0.6184587301587301,2.287492515127452,6.986317975730108,-1.6690337849687216
2014-01-15,18.3,19.6153,7.1874,15.6691,13.4776,2.22,1.5802,7468296959.7,-1.721,17.2838,14.0,3.0,10.5667,4.6539,3.0596599206349206,3.9283601869014615,0.6875809523809524,2.352947366337637,6.988020107536382,-1.665366413956685
2014-01-16,18.32,19.6153,7.0704,15.7267,13.4776,2.2182,1.5802,7476459032.88,-1.7263,17.2778,15.0,3.0,10.5667,4.6539,3.0607188492063493,3.9293711230027664,0.7634285714285715,2.403308597708184,6.990089972209116,-1.6398800262796125
2014-01-17,18.21,19.6153,7.7172,15.6322,13.4872,2.2048,1.5803,7431567630.39,-1.7263,17.2778,15.0,3.0,10.5667,4.6539,3.0616873015873014,3.930460524213789,0.8481809523809524,2.4585533510166537,6.99214782580109,-1.6103723986357013
2014-01-21,18.21,19.6153,7.7172,15.6322,13.495,2.2048,1.5808,7431567630.39,-1.7263,17.2778,15.0,3.0,10.5667,4.6539,3.062469246031746,3.9313490969303273,0.936254761904762,2.504217648451921,6.993818342962074,-1.567962886547159
2014-01-22,18.37,19.6153,6.779,15.7696,13.4952,2.2242,1.5808,7496864215.83,-1.7263,17.2778,15.0,3.0,10.5667,4.6539,3.061043452380952,3.929867426676017,0.9943285714285712,2.5540973678186325,6.990910879056969,-1.559768796390061
2014-01-23,18.07,19.6153,8.5517,15.5121,13.4959,2.1879,1.581,7374433118.13,-1.7263,17.2778,15.0,3.0,10.5667,4.6539,3.066042658730159,3.935253346156376,1.063392857142857,2.639134897080764,7.001296004886534,-1.5757420399379067
2014-01-24,17.87,19.5128,9.1931,15.3404,13.499,2.1637,1.5816,7292812386.33,-1.7263,17.2778,15.0,3.0,10.5667,4.6539,3.069752976190476,3.940153558399513,1.1436809523809524,2.730512763880661,7.009906534589989,-1.5868318114997082
2014-01-27,17.87,19.5128,9.1931,15.3404,13.517,2.1637,1.5831,7292812386.33,-1.7263,17.2778,15.0,3.0,10.5667,4.6539,3.072769841269841,3.944264793015112,1.2110714285714286,2.822747944535264,7.017034634284954,-1.611676515963835
2014-01-28,18.06,19.5128,8.0443,15.5035,13.522,2.1867,1.5835,7370352081.54,-1.7263,17.2778,15.0,3.0,10.5667,4.6539,3.076588095238096,3.9481499845237966,1.2666984126984129,2.8875740300533206,7.024738079761892,-1.620875617354908
2014-01-29,17.87,19.5128,9.1931,15.3404,13.522,2.1637,1.5835,7292812386.33,-1.7263,17.2721,15.0,3.0,10.5667,4.6539,3.083365873015873,3.955720023655946,1.3287785714285714,2.9726645804358847,7.03908589667182,-1.6438860090073133
2014-01-30,18.1,19.5128,7.8055,15.5378,13.5308,2.1915,1.5836,7386676227.9,-1.7263,17.2741,15.0,3.0,10.5667,4.6539,3.081642857142857,3.9534685674663934,1.3798460317460317,3.0281471334307777,7.035111424609251,-1.648301101684746
2014-01-31,17.94,19.5128,8.767,15.4018,13.541,2.1721,1.5839,7321379642.46,-1.7263,17.2718,15.0,3.0,10.5667,4.6539,3.078373412698413,3.9480697910897486,1.4416507936507936,3.098564740230591,7.026443203788162,-1.6569139465797975
2014-02-03,17.62,19.5128,10.7423,15.1271,13.5526,2.1334,1.5846,7190786471.58,-1.7263,17.2718,15.0,3.0,10.5667,4.6539,3.0819392857142858,3.9541859904764833,1.5182476190476188,3.207214205124937,7.036125276190769,-1.6889665860773186
2014-02-04,17.68,19.5128,10.3665,15.1786,13.5628,2.1407,1.5848,7215272691.12,-1.7263,17.2718,15.0,3.0,10.5667,4.6539,3.0879488095238097,3.962958538000993,1.5887484126984126,3.3026558524130785,7.050907347524802,-1.713907439714666
2014-02-05,17.61,19.5128,10.8052,15.1185,13.5832,2.1322,1.5849,7186705434.99,-1.7263,17.2718,15.0,3.0,10.5667,4.6539,3.0963882936507936,3.974860814888408,1.6582412698412698,3.4030157564201886,7.0712491085392015,-1.7447744865789188
2014-02-06,17.53,19.361,10.445,15.0666,13.6086,2.114,1.5853,7154057142.27,-1.2801,17.3071,15.0,3.0,10.5667,4.6539,3.10565,3.986540588731821,1.7217,3.4912904660140915,7.09219058873182,-1.7695904660140915
2014-02-07,17.58,19.361,10.1308,15.1096,13.619,2.12,1.5858,7174462325.22,-1.2801,17.3071,15.0,3.0,10.5667,4.6539,3.1149642857142856,3.997466161269064,1.7813015873015872,3.569980690233261,7.11243044698335,-1.7886791029316738
2014-02-10,17.8,19.361,8.7697,15.2987,13.6412,2.1465,1.5865,7264245130.2,-1.2801,17.3071,15.0,3.0,10.5667,4.6539,3.1240744047619047,4.005118692835126,1.8414126984126984,3.6234069798241473,7.12919309759703,-1.7819942814114489
2014-02-11,18.08,19.361,7.0852,15.5393,13.6442,2.1873,1.5865,7402031841.28,-1.2801,17.3071,15.0,3.0,10.5667,4.6539,3.130824206349206,4.008927815006607,1.881855555555556,3.6533864662706814,7.139752021355813,-1.7715309107151258
2014-02-12,18.09,19.4358,7.4395,15.0399,13.6442,2.0089,1.5866,7406125885.44,8.9403,-0.3461,1.0,3.0,10.5667,4.6539,3.137787103174603,4.013364074341244,1.929619841269841,3.6865071082752654,7.151151177515846,-1.7568872670054243
2014-02-13,18.33,19.4358,6.0327,15.1525,13.6496,2.0356,1.5867,7504382945.28,8.9403,-3.0026,2.0,3.0,10.5667,4.6539,3.1426113095238097,4.01538314774961,1.9711222222222224,3.703124842268095,7.15799445727342,-1.732002620045873
2014-02-14,18.42,19.5384,6.0717,15.2181,13.6598,2.0456,1.5869,7541229342.72,8.9403,-3.1235,3.0,3.0,10.5667,4.6539,3.147837698412699,4.0174815787448255,2.006683333333333,3.720916667935589,7.165319277157524,-1.7142333346022554
2014-02-18,18.64,19.5384,4.8197,15.3999,13.685,2.07,1.5869,7631298314.24,12.967,-3.1345,3.0,3.0,10.5667,4.6539,3.148781150793651,4.017818905426294,2.027328571428572,3.729307861335401,7.166600056219945,-1.7019792899068298
2014-02-19,18.41,19.5384,6.1293,15.2439,13.6951,2.0273,1.587,7537135298.56,12.8982,-3.1081,3.0,2.0,11.0,4.6539,3.1492712301587296,4.018168042201983,2.055165873015873,3.746830420035968,7.167439272360713,-1.6916645470200953
2014-02-20,18.56,19.5384,5.2716,15.3681,13.7155,2.0438,1.587,7598545960.96,12.8982,-3.1081,3.0,2.0,11.0,4.6539,3.1462180555555554,4.01596464926008,2.079852380952381,3.757764988537091,7.162182704815635,-1.6779126075847102
2014-02-21,18.62,19.5384,4.9323,15.4177,13.7752,2.0504,1.587,7623110225.92,12.8982,-3.1081,3.0,2.0,11.0,4.6539,3.1404751984126986,4.011325047336294,2.0931079365079364,3.7649077780919664,7.151800245748992,-1.67179984158403
2014-02-24,18.41,19.5384,6.1293,15.2439,13.797,2.0273,1.5868,7537135298.56,12.8982,-3.1081,3.0,2.0,11.0,4.6539,3.137618849206349,4.008677099197188,2.128225396825397,3.781852207264414,7.146295948403537,-1.6536268104390173
2014-02-25,18.59,19.5384,5.1017,15.4044,13.8523,2.0471,1.5869,7610828093.44,12.8982,-3.1012,3.0,2.0,11.0,4.6539,3.1280309523809526,3.998154396658171,2.151563492063492,3.791118681520981,7.126185349039124,-1.6395551894574891
2014-02-26,18.57,19.5384,5.2149,15.3294,13.9076,2.0449,1.587,7602640005.12,12.8982,-3.0191,4.0,2.0,11.0,4.6539,3.1183117063492065,3.987078293065181,2.172603174603175,3.800769227552591,7.105389999414388,-1.6281660529494155
2014-02-27,18.63,19.5384,4.876,15.3789,13.9076,2.0516,1.587,7627204270.08,12.8982,-3.0191,4.0,2.0,11.0,4.6539,3.1103867063492063,3.97958523884117,2.1881920634920635,3.807846806679253,7.089971945190376,-1.6196547431871893
2014-02-28,18.71,19.5384,4.4276,15.4449,13.9279,2.0604,1.587,7659956623.36,12.8982,-3.0191,4.0,2.0,11.0,4.6539,3.0989269841269844,3.96741701444991,2.201604761904762,3.812770745017069,7.066343998576894,-1.6111659831123073
2014-03-03,18.55,19.6388,5.8695,15.328,13.9483,2.0427,1.5868,7594451916.8,8.9053,-2.902,3.0,2.0,11.0,4.6539,3.089970634920635,3.956018320375149,2.2310365079365075,3.826743016626199,7.045988955295783,-1.5957065086896915
2014-03-04,18.74,19.6388,4.7962,15.485,13.9584,2.0637,1.5869,7672238755.84,8.9053,-2.902,3.0,2.0,11.0,4.6539,3.081012896825397,3.947005189635576,2.249669047619048,3.833519838654179,7.028018086460973,-1.5838507910351312
2014-03-05,18.65,19.6388,5.3019,15.4107,13.9686,2.0538,1.587,7635392358.4,8.9053,-2.902,3.0,2.0,11.0,4.6539,3.076174206349206,3.942774129300481,2.274141269841269,3.8431486779519792,7.018948335649687,-1.5690074081107095
2014-03-06,18.93,19.6388,3.7443,15.642,13.9686,2.0846,1.587,7750025594.88,8.9053,-2.902,3.0,2.0,11.0,4.6539,3.0646011904761905,3.93220054682815,2.28396746031746,3.845328927139208,6.99680173730434,-1.5613614668217477
2014-03-07,18.9,19.6388,3.909,15.6173,13.9788,2.0813,1.587,7737743462.4,8.9053,-2.902,3.0,2.0,11.0,4.6539,3.0524690476190472,3.92010121166482,2.293038095238096,3.847822482264224,6.972570259283867,-1.5547843870261286
2014-03-10,19.08,19.6388,2.9287,15.766,13.9992,2.1011,1.5868,7811436257.28,8.9053,-4.5684,4.0,2.0,11.0,4.6539,3.0358722222222223,3.902810384117559,2.2952476190476188,3.848109194640292,6.938682606339782,-1.5528615755926731
2014-03-11,19.07,19.6388,2.9827,15.7577,14.0094,2.1,1.5869,7807342213.12,8.9053,-4.5684,4.0,2.0,11.0,4.6539,3.021188095238096,3.8890085089545257,2.3029,3.8485131360982607,6.910196604192621,-1.5456131360982606
2014-03-12,19.12,19.6388,2.7134,15.799,14.0195,2.1055,1.587,7827812433.92,8.9053,-4.5684,4.0,2.0,11.0,4.6539,3.006861507936508,3.8767726200002097,2.309772222222222,3.8484665416478654,6.883634127936718,-1.5386943194256446
2014-03-13,19.07,19.6388,2.9827,15.7577,14.0297,2.1,1.587,7807342213.12,8.9053,-4.5684,4.0,2.0,11.0,4.6539,2.9962202380952383,3.8694422086176754,2.3210333333333333,3.848342208401024,6.865662446712914,-1.5273088750676904
2014-03-14,19.18,19.6388,2.3921,15.8486,14.1459,2.1121,1.587,7852376698.88,8.9053,-4.5684,4.0,2.0,11.0,4.6539,2.982667857142857,3.85954062649856,2.313906349206349,3.8473645830412577,6.842208483641417,-1.5334582338349088
2014-03-17,19.31,19.6388,1.7027,15.956,14.2764,2.1264,1.5869,7905599272.96,8.9053,-4.5684,4.0,2.0,11.0,4.6539,2.970174801587301,3.853456052724382,2.3022357142857137,3.846967434548304,6.823630854311684,-1.5447317202625896
2014-03-18,19.44,19.6388,1.0226,16.0635,14.2814,2.1407,1.587,7958821847.04,8.9053,-4.5684,4.0,2.0,11.0,4.6539,2.9556444444444443,3.8469469348215313,2.28931746031746,3.848521895046664,6.802591379265976,-1.559204434729204
2014-03-19,19.34,19.6388,1.545,15.9808,14.2901,2.1297,1.5872,7917881405.44,8.9053,-4.5684,4.0,2.0,11.0,4.6539,2.941284523809524,3.838652500997967,2.2860126984126983,3.848984489030624,6.77993702480749,-1.5629717906179257
2014-03-20,19.37,19.6388,1.3877,16.0056,14.309,2.133,1.5874,7930163537.92,8.9053,-4.5684,4.0,2.0,11.0,4.6539,2.923256547619048,3.82451631637146,2.288636507936508,3.848252664732057,6.747772863990507,-1.5596161567955489
2014-03-21,19.01,19.6388,3.3077,15.7081,14.3348,2.0934,1.5874,7782777948.16,8.9053,-4.5684,4.0,2.0,11.0,4.6539,2.9113454365079363,3.8139165504786288,2.3056079365079363,3.847992053975344,6.725261986986565,-1.5423841174674062
2014-03-24,19.16,19.6388,2.499,15.8321,14.3654,2.1099,1.5884,7844188610.56,8.9053,-4.5684,4.0,2.0,11.0,4.6539,2.897829761904762,3.80324787122365,2.317051587301587,3.8463930987404713,6.701077633128412,-1.5293415114388842
2014-03-25,19.15,19.6388,2.5525,15.8356,14.37,2.1088,1.5886,7840094566.4,8.9053,-4.5621,4.0,2.0,11.0,4.6539,2.883006150793651,3.7899556407153647,2.324449206349206,3.8459388460608976,6.672961791509016,-1.5214896397116917
2014-03-26,19.03,19.6388,3.1992,15.7364,14.3722,2.0956,1.5889,7790966036.48,8.9053,-4.5621,4.0,2.0,11.0,4.6539,2.8652954365079366,3.767469109417673,2.335176984126984,3.846482973962954,6.63276454592561,-1.5113059898359706
2014-03-27,18.91,19.6388,3.854,15.6371,14.3858,2.0824,1.5892,7741837506.56,8.9052,-4.5736,4.0,2.0,11.0,4.6539,2.851260317460317,3.7505119875346,2.355592063492064,3.8476729637662,6.601772304994918,-1.4920809002741366
2014-03-28,18.98,19.6388,3.471,15.695,14.3887,2.0901,1.5893,7770495815.68,8.9052,-4.5914,4.0,2.0,11.0,4.6539,2.839321428571429,3.738902033969239,2.375638095238095,3.846845670246989,6.578223462540668,-1.471207575008894
2014-03-31,19.18,19.6388,2.3921,15.8604,14.401,2.1121,1.5898,7852376698.88,8.9052,-4.5914,4.0,2.0,11.0,4.6539,2.8245347222222223,3.725856208397032,2.386677777777778,3.844864898701004,6.550390930619254,-1.4581871209232262
2014-04-01,19.07,19.6388,2.9827,15.7799,14.4016,2.1,1.5899,7807342213.12,8.9052,-4.6825,4.0,2.0,11.0,4.6539,2.8118029761904766,3.714289586360075,2.401960317460317,3.84336446205321,6.526092562550552,-1.441404144592893
2014-04-02,19.03,19.6388,3.1992,15.7468,14.4022,2.0956,1.5899,7790966036.48,8.9052,-4.6825,4.0,2.0,11.0,4.6539,2.800899007936508,3.705039796281105,2.4303563492063494,3.8358657115910906,6.505938804217614,-1.4055093623847412
2014-04-03,19.05,19.6388,3.0908,15.7633,14.4259,2.0978,1.5901,7799154124.8,8.9052,-4.6825,4.0,2.0,11.0,4.6539,2.789606150793651,3.695433569133462,2.460904761904762,3.82558156862692,6.485039719927113,-1.3646768067221573
2014-04-04,18.93,19.6388,3.7443,15.664,14.4395,2.0846,1.5904,7750025594.88,8.9052,-4.6976,4.0,2.0,11.0,4.6539,2.7808204365079363,3.687866964955708,2.488846031746032,3.8219659239015966,6.468687401463644,-1.333119892155565
2014-04-07,18.64,19.6388,5.3584,15.4241,14.4759,2.0526,1.5906,7631298314.24,8.9052,-4.6976,4.0,2.0,11.0,4.6539,2.774200595238096,3.680216612268931,2.533019047619048,3.8227180692009113,6.454417207507026,-1.289699021581864
2014-04-08,18.68,19.6388,5.1328,15.4572,14.48,2.057,1.5907,7647674490.88,8.9052,-4.7194,4.0,2.0,11.0,4.6539,2.766404365079365,3.671020198841037,2.575401587301588,3.8216952393196286,6.437424563920402,-1.246293652018041
2014-04-09,18.89,19.6388,3.964,15.6309,14.4841,2.0802,1.5909,7733649418.24,8.9052,-4.7194,4.0,2.0,11.0,4.6539,2.757097023809524,3.661996547394899,2.6093714285714285,3.814803545009624,6.419093571204424,-1.2054321164381956
2014-04-10,18.71,19.6388,4.9642,15.482,14.4859,2.0603,1.591,7659956623.36,8.9052,-4.747,4.0,2.0,11.0,4.6539,2.750464087301588,3.654944497923659,2.6425571428571426,3.816973515809276,6.405408585225247,-1.174416372952133
2014-04-11,18.84,19.6666,4.3875,15.5896,14.4938,2.0747,1.5914,7713179197.44,8.9052,-4.7516,4.0,2.0,11.0,4.6539,2.741935515873016,3.646071261034972,2.690527777777778,3.800453928017424,6.388006776907988,-1.1099261502396462
2014-04-14,18.89,19.6666,4.1112,15.6309,14.5106,2.0804,1.5918,7733649418.24,8.8946,-5.648,5.0,2.0,11.0,4.6539,2.7349125,3.6400009839945775,2.7392333333333334,3.778791194400776,6.374913483994579,-1.039557861067443
2014-04-15,18.96,19.6666,3.7268,15.6759,14.5156,2.0881,1.5919,7762307727.36,8.8946,-5.7032,5.0,2.0,11.0,4.6539,2.7274652777777777,3.63410795554689,2.786551587301587,3.753243984858739,6.361573233324667,-0.9666923975571518
2014-04-16,19.14,19.6666,2.7513,15.8247,14.5207,2.1079,1.5922,7836000522.24,8.8946,-5.7032,5.0,2.0,11.0,4.6539,2.718044047619048,3.627861344603753,2.816986507936508,3.737124330591284,6.3459053922228,-0.9201378226547758
2014-04-17,19.13,19.6666,2.805,15.7903,14.5512,2.1024,1.5927,7831906478.08,8.8868,-5.7253,5.0,2.0,11.0,4.6539,2.709742658730159,3.622852615553306,2.8595150793650794,3.705877853811649,6.332595274283465,-0.8463627744465696
2014-04-21,19.07,19.6666,3.1285,15.7408,14.5848,2.0958,1.5931,7807342213.12,8.8868,-5.7253,5.0,2.0,11.0,4.6539,2.702920238095238,3.6188097031621904,2.909100793650794,3.666832589502854,6.321729941257429,-0.75773179585206
2014-04-22,19.08,19.6666,3.0744,15.7491,14.586,2.0969,1.5931,7811436257.28,8.8868,-5.7253,5.0,2.0,11.0,4.6539,2.695823611111112,3.614556300400555,2.9551817460317458,3.631691244330245,6.310379911511666,-0.6765094982984992
2014-04-23,19.26,19.6666,2.1111,15.8976,14.6042,2.1167,1.5931,7885129052.16,8.8868,-5.7253,5.0,2.0,11.0,4.6539,2.6897797619047616,3.612978811522696,2.993617460317461,3.596478537749604,6.302758573427457,-0.6028610774321437
2014-04-24,19.34,19.6666,1.6887,15.9637,14.6284,2.1255,1.5934,7917881405.44,8.8868,-5.7253,5.0,2.0,11.0,4.6539,2.6830601190476187,3.6116822306737455,3.0367507936507936,3.547254522759848,6.294742349721364,-0.5105037291090544
2014-04-25,19.13,19.6666,2.805,15.7903,14.6376,2.0795,1.5938,7831906478.08,8.8517,-5.7253,5.0,2.0,11.0,4.6539,2.678067857142857,3.6097669770480936,3.0847396825396824,3.5022537672552407,6.287834834190951,-0.4175140847155583
2014-04-28,19.03,19.6666,3.3452,15.7078,14.6754,2.0686,1.5945,7790966036.48,8.8517,-5.7253,5.0,2.0,11.0,4.6539,2.6754422619047618,3.608797467419639,3.140222222222222,3.4497596220929725,6.2842397293244,-0.3095373998707504
2014-04-29,19.17,19.6666,2.5905,15.8234,14.6862,2.0839,1.5948,7848282654.72,8.8517,-5.7253,5.0,2.0,11.0,4.6539,2.6730738095238094,3.6084600401198297,3.189715079365079,3.395940341244472,6.281533849643639,-0.2062252618793922
2014-04-30,19.11,19.6666,2.9126,15.7738,14.6996,2.0773,1.5949,7823718389.76,8.8517,-5.7253,5.0,2.0,11.0,4.6539,2.66752876984127,3.605934535740945,3.239779365079365,3.344185730208718,6.273463305582215,-0.1044063651293529
2014-05-01,19.19,19.6666,2.4836,15.8399,14.7222,2.0875,1.5951,7861923715.87,8.8517,-5.7253,5.0,2.0,11.0,4.6539,2.661613690476191,3.603781341646653,3.2762007936507938,3.3103231611793102,6.265395032122845,-0.0341223675285164
2014-05-02,19.02,19.6944,3.5457,15.5621,14.7415,1.9615,1.5953,7792276658.46,10.3916,-5.7798,5.0,3.0,4.1667,4.6539,2.6579656746031746,3.6019498749955337,3.315625396825397,3.2833952007991143,6.259915549598708,0.0322301960262825
2014-05-05,18.98,19.6944,3.764,15.5294,14.7576,1.9574,1.5964,7775889115.54,10.3916,-5.7798,5.0,3.0,4.1667,4.6539,2.6539492063492065,3.599580207493393,3.3575920634920635,3.254713008364535,6.2535294138426,0.1028790551275284
2014-05-06,18.91,19.6944,4.1481,15.4721,14.7603,1.9502,1.5964,7747210915.43,10.3916,-5.7798,5.0,3.0,4.1667,4.6539,2.651974603174603,3.598484721469003,3.396594444444444,3.234281581144366,6.2504593246436055,0.1623128633000781
2014-05-07,19.07,19.7222,3.42,15.5281,14.7626,1.9634,1.5966,7812761087.11,10.3905,-5.7986,5.0,3.0,4.1667,4.6539,2.6479174603174607,3.596459215887665,3.4289992063492063,3.2136709232776424,6.244376676205126,0.2153282830715639
2014-05-08,19.03,19.7499,3.783,15.5208,14.766,1.9694,1.5968,7796373544.19,10.3968,-5.7873,5.0,3.0,4.1667,4.6539,2.6437775793650795,3.59394348690554,3.4634642857142857,3.193777481628157,6.23772106627062,0.2696868040861284
2014-05-09,18.98,19.7499,4.0564,15.48,14.7673,1.9642,1.5976,7775889115.54,10.3968,-5.7877,5.0,3.0,4.1667,4.6539,2.639208333333333,3.5906727124706577,3.5090349206349205,3.160512493614224,6.229881045803991,0.3485224270206966
2014-05-12,19.03,19.7499,3.783,15.5208,14.7755,1.9694,1.5995,7796373544.19,10.3968,-5.7877,5.0,3.0,4.1667,4.6539,2.633443849206349,3.5864890112303,3.547587301587302,3.133666196032734,6.219932860436648,0.4139211055545679
2014-05-13,19.09,19.7499,3.4568,15.5697,14.7761,1.9756,1.5995,7820954858.57,10.3968,-5.7877,5.0,3.0,4.1667,4.6539,2.625879761904762,3.5807082484536155,3.5887126984126985,3.097712627626756,6.206588010358377,0.4910000707859425
2014-05-14,18.9,19.7499,4.4968,15.4147,14.7868,1.9559,1.5996,7743114029.7,10.3968,-5.7877,5.0,3.0,4.1667,4.6539,2.623959126984127,3.5794418554318503,3.6388912698412703,3.060286841563054,6.203400982415977,0.5786044282782163
2014-05-15,18.77,19.7499,5.2206,15.3087,14.7911,1.9425,1.6,7689854515.21,10.3968,-5.7877,5.0,3.0,4.1667,4.6539,2.6241125,3.579551673931292,3.6895880952380953,3.032819008265732,6.203664173931291,0.6567690869723632
2014-05-16,18.85,19.7499,4.774,15.3739,14.8004,1.9507,1.6002,7722629601.05,10.3968,-5.7877,5.0,3.0,4.1667,4.6539,2.6196573412698414,3.575465358963316,3.740766666666667,2.9957588356609737,6.195122700233157,0.7450078310056933
2014-05-19,18.85,19.7499,4.774,15.3152,14.8051,1.9284,1.6008,7722629601.05,11.267,-5.0584,5.0,3.0,4.1667,4.6539,2.6171607142857143,3.573516471245458,3.795534126984127,2.950367905741049,6.190677185531172,0.8451662212430779
2014-05-20,18.87,19.7499,4.663,15.3315,14.8141,1.9304,1.6008,7730823372.51,11.267,-5.0584,5.0,3.0,4.1667,4.6539,2.61379503968254,3.570782748776704,3.847031746031746,2.907788051056149,6.184577788459244,0.9392436949755968
2014-05-21,18.96,19.7499,4.1661,15.4046,14.8156,1.9396,1.6009,7767695344.08,11.267,-5.0584,5.0,3.0,4.1667,4.6539,2.610737103174603,3.568787642030381,3.892584126984127,2.866861847286475,6.179524745204985,1.0257222796976522
2014-05-22,19.02,19.7499,3.8375,15.4534,14.822,1.9458,1.6014,7792276658.46,11.267,-5.0584,5.0,3.0,4.1667,4.6539,2.603097817460317,3.5620127820235687,3.933515873015873,2.828404565868684,6.165110599483886,1.1051113071471894
2014-05-23,18.95,19.7499,4.2211,15.3965,14.8312,1.9386,1.6019,7763598458.35,11.267,-5.0584,5.0,3.0,4.1667,4.6539,2.596552579365079,3.5559858337756487,3.9722119047619047,2.7983241780068884,6.152538413140728,1.1738877267550163
2014-05-27,19.08,19.7499,3.511,15.5021,14.8422,1.9519,1.6031,7816857972.84,11.267,-5.0584,5.0,3.0,4.1667,4.6539,2.589096031746032,3.5501038046571205,4.005311111111111,2.767597075680696,6.139199836403153,1.237714035430416
2014-05-28,18.97,19.7499,4.1112,15.4127,14.8469,1.9406,1.6034,7771792229.81,11.267,-5.0584,5.0,3.0,4.1667,4.6539,2.583818849206349,3.545849505319634,4.052803174603175,2.716798154267376,6.129668354525983,1.3360050203357985
2014-05-29,19.0,19.7499,3.9468,15.4371,14.8469,1.9437,1.6034,7784082887.0,11.267,-5.0584,5.0,3.0,4.1667,4.6539,2.5773924603174603,3.5404235059065363,4.0977992063492055,2.6668689073593668,6.117815966223997,1.4309302989898387
2014-05-30,18.98,19.7499,4.0564,15.4209,14.8562,1.9417,1.604,7775889115.54,11.267,-5.0584,5.0,3.0,4.1667,4.6539,2.569518055555556,3.532687967617853,4.141273015873016,2.620422626201126,6.102206023173409,1.5208503896718897
2014-06-02,19.01,19.7499,3.8922,15.4452,14.8678,1.9447,1.6047,7788179772.73,11.267,-5.0584,5.0,3.0,4.1667,4.6539,2.5610882936507937,3.524426629183076,4.187026984126985,2.5643026872634995,6.08551492283387,1.6227242968634852
2014-06-03,19.03,19.7499,3.783,15.4615,14.8702,1.9468,1.6054,7796373544.19,11.267,-5.0584,5.0,3.0,4.1667,4.6539,2.548857142857143,3.509406522593744,4.219948412698413,2.531814922674687,6.058263665450887,1.6881334900237257
2014-06-04,19.2,19.7499,2.8641,15.5996,14.8755,1.9642,1.6065,7866020601.6,11.267,-5.0584,5.0,3.0,4.1667,4.6539,2.536400793650793,3.4970777913348403,4.24152380952381,2.508290585316889,6.033478584985634,1.7332332242069208
2014-06-05,19.36,19.7499,2.0139,15.7296,14.8934,1.9805,1.6067,7931570773.28,11.267,-5.0584,5.0,3.0,4.1667,4.6539,2.518803769841269,3.477253480658699,4.255895238095238,2.490088552220164,5.996057250499969,1.7658066858750745
2014-06-06,19.27,19.7499,2.4904,15.6565,14.9159,1.9713,1.6068,7894698801.71,11.267,-5.0584,5.0,3.0,4.1667,4.6539,2.5005619047619048,3.453107204628475,4.269548412698412,2.475496462812708,5.95366910939038,1.794051949885704
2014-06-09,19.2,19.7499,2.8641,15.5996,14.9182,1.9642,1.6076,7866020601.6,11.267,-5.0584,5.0,3.0,4.1667,4.6539,2.483947817460318,3.4310602487701862,4.277853968253968,2.4689510074249945,5.915008066230504,1.8089029608289733
2014-06-10,19.22,19.7499,2.757,15.6159,14.9182,1.9662,1.6084,7874214373.06,11.267,-5.0584,5.0,3.0,4.1667,4.6539,2.4705970238095234,3.416822645777036,4.29730873015873,2.4469608657606154,5.887419669586559,1.8503478643981144
2014-06-11,19.19,19.7777,3.0625,15.5915,14.9182,1.9632,1.6086,7861923715.87,11.267,-5.0584,5.0,3.0,4.1667,4.6539,2.458534325396825,3.4039301890375446,4.319595238095238,2.4225098450610902,5.86246451443437,1.897085393034148
2014-06-12,19.1,19.7777,3.5482,15.5184,14.9257,1.9539,1.6088,7825051744.3,11.267,-5.0584,5.0,3.0,4.1667,4.6539,2.448618650793651,3.393425645869521,4.33667619047619,2.409282255857403,5.842044296663172,1.9273939346187872
2014-06-13,19.11,19.7777,3.494,15.5265,14.9257,1.955,1.6092,7829148630.03,11.267,-5.0584,5.0,3.0,4.1667,4.6539,2.4363875,3.3784634990445173,4.3453349206349206,2.4042323954667024,5.814850999044517,1.941102525168218
2014-06-16,19.0,19.7777,4.0932,15.4371,14.9356,1.9437,1.6108,7784082887.0,11.267,-5.0584,5.0,3.0,4.1667,4.6539,2.4251734126984124,3.363502571350652,4.358749206349206,2.398015697488265,5.788675984049064,1.9607335088609408
2014-06-17,19.15,19.7777,3.2778,15.559,14.9356,1.9591,1.6111,7845536172.95,11.267,-5.0584,5.0,3.0,4.1667,4.6539,2.4107837301587303,3.3442171026051697,4.360561904761904,2.397104173785092,5.7550008327639,1.9634577309768124
2014-06-18,19.12,19.7777,3.4399,15.5346,14.9357,1.956,1.6111,7833245515.76,11.267,-5.0584,5.0,3.0,4.1667,4.6539,2.396191468253968,3.3235445755626625,4.364090476190476,2.39540503793186,5.719736043816631,1.9686854382586163
2014-06-19,19.24,19.7777,2.7947,15.6321,14.9357,1.9683,1.6113,7882408144.52,11.267,-5.0584,5.0,3.0,4.1667,4.6539,2.3771202380952383,3.2934296112172747,4.359911904761906,2.397696941437326,5.670549849312513,1.96221496332458
2014-06-20,19.18,19.7777,3.1163,15.5834,14.9458,1.9621,1.6115,7857826830.14,11.267,-5.0584,5.0,3.0,4.1667,4.6539,2.3572353174603173,3.2583959292620643,4.368957142857143,2.3907737892969583,5.615631246722382,1.9781833535601847
2014-06-23,19.08,19.7777,3.6567,15.5021,14.9479,1.9519,1.6134,7816857972.84,11.267,-5.0584,5.0,3.0,4.1667,4.6539,2.342193849206349,3.2347323449339016,4.385230158730159,2.378767047872477,5.576926194140251,2.006463110857682
2014-06-24,19.13,19.7777,3.3858,15.5427,14.9584,1.957,1.6149,7837342401.49,11.267,-5.0584,5.0,3.0,4.1667,4.6539,2.330090674603175,3.219325753132716,4.408450793650793,2.354298321649176,5.54941642773589,2.054152472001617
2014-06-25,19.12,19.7777,3.4399,15.5346,14.969,1.956,1.6151,7833245515.76,11.267,-5.0584,5.0,3.0,4.1667,4.6539,2.314088095238096,3.1935699896735263,4.42675,2.337546154949836,5.507658084911622,2.0892038450501644
2014-06-26,19.03,19.7777,3.9291,15.4615,14.9759,1.9468,1.6155,7796373544.19,11.267,-5.0584,5.0,3.0,4.1667,4.6539,2.300641468253968,3.172361664066799,4.455914285714286,2.3078080237565355,5.473003132320766,2.1481062619577505
2014-06-27,19.07,19.7777,3.7111,15.494,14.9792,1.9509,1.6159,7812761087.11,11.267,-5.0584,5.0,3.0,4.1667,4.6539,2.2860605158730154,3.148823040604563,4.483348412698413,2.277813739171449,5.434883556477578,2.205534673526963
2014-06-30,19.15,19.7777,3.2778,15.559,15.0096,1.9591,1.6183,7845536172.95,11.267,-5.0584,5.0,3.0,4.1667,4.6539,2.2728843253968254,3.130663112935034,4.504893650793651,2.2531416986865525,5.403547438331859,2.2517519521070986
2014-07-01,19.33,19.7777,2.3161,15.7078,15.012,1.9777,1.6196,7919280116.09,11.2476,-5.082,5.0,3.0,4.1667,4.6539,2.2611944444444445,3.1194377737379915,4.526916666666668,2.217516431713812,5.380632218182436,2.3094002349528555
2014-07-02,19.14,19.7777,3.3318,15.5534,15.0144,1.9583,1.62,7841439287.22,11.2476,-5.082,5.0,3.0,4.1667,4.6539,2.25383373015873,3.1125045371549582,4.56573492063492,2.1519643067419936,5.366338267313688,2.4137706138929267
2014-07-03,19.21,19.7777,2.9552,15.6103,15.0259,1.9654,1.6206,7870117487.33,11.2476,-5.082,5.0,3.0,4.1667,4.6539,2.249578571428572,3.1100710409152703,4.569692063492064,2.1485105478394244,5.359649612343842,2.4211815156526395
2014-07-07,19.19,19.7777,3.0625,15.5928,15.0399,1.9634,1.6223,7861923715.87,11.2476,-5.0971,5.0,3.0,4.1667,4.6539,2.2471007936507936,3.108922456619274,4.557813492063492,2.1527023685538285,5.356023250270068,2.405111123509663
2014-07-08,19.13,19.7777,3.3858,15.5364,15.04,1.9573,1.6229,7837342401.49,11.2476,-5.1143,5.0,3.0,4.1667,4.6539,2.247415476190476,3.1090298834941583,4.540461904761905,2.1532725580887107,5.356445359684635,2.3871893466731944
2014-07-09,19.09,19.7777,3.6024,15.5292,15.0401,1.9532,1.6234,7820954858.57,11.2476,-5.113,5.0,3.0,4.1667,4.6539,2.2460089285714284,3.108254569977948,4.525280158730158,2.153087918948953,5.354263498549376,2.372192239781205
2014-07-10,18.99,19.7777,4.148,15.4478,15.0656,1.9429,1.6235,7779986001.27,11.2476,-5.1293,5.0,3.0,4.1667,4.6539,2.243488095238095,3.10619103558678,4.50944365079365,2.1484243094324094,5.349679130824875,2.361019341361241
2014-07-11,19.06,19.7777,3.7655,15.5048,15.0666,1.9501,1.6235,7808664201.38,11.2476,-5.1325,5.0,3.0,4.1667,4.6539,2.238126388888889,3.1012130837741725,4.497802380952381,2.1484501057448475,5.339339472663061,2.3493522752075333
2014-07-14,19.11,19.8333,3.7849,15.5328,15.0909,1.9363,1.6256,7829148630.03,13.0112,-4.6826,5.0,3.0,4.1667,4.6539,2.2315555555555555,3.094399431835893,4.481810317460317,2.1461785195023872,5.325954987391448,2.3356317979579297
2014-07-15,19.15,19.861,3.7128,15.5653,15.0909,1.9404,1.6264,7845536172.95,13.0112,-4.6892,5.0,3.0,4.1667,4.6539,2.223035317460318,3.0843611117920315,4.457936507936507,2.137786367534715,5.30739642925235,2.3201501404017923
2014-07-16,19.02,19.861,4.4217,15.4596,15.0909,1.9272,1.6271,7792276658.46,13.0112,-4.6892,5.0,3.0,4.1667,4.6539,2.2159859126984127,3.0752362299569134,4.444727777777777,2.1327823296583706,5.291222142655326,2.311945448119406
2014-07-17,18.62,19.861,6.6649,15.1345,15.0964,1.8867,1.6273,7628401229.26,13.0112,-4.6889,5.0,3.0,4.1667,4.6539,2.216470833333333,3.075919732812635,4.4405809523809525,2.127909406482112,5.2923905661459685,2.312671545898841
2014-07-18,18.75,19.8888,6.0736,15.2167,15.1054,1.8999,1.6281,7681660743.75,13.0112,-4.7486,6.0,3.0,4.1667,4.6539,2.2138454365079365,3.072051628972478,4.432669841269841,2.1198919264254816,5.285897065480415,2.3127779148443595
2014-07-21,18.65,19.8888,6.6424,15.1355,15.1096,1.8897,1.6298,7640691886.45,13.0112,-4.7486,6.0,3.0,4.1667,4.6539,2.214923809523809,3.073513143134795,4.424139682539683,2.1087025836028808,5.288436952658604,2.315437098936802
2014-07-22,18.52,19.8888,7.3909,15.03,15.1075,1.8766,1.6299,7587432371.96,13.0112,-4.7486,6.0,3.0,4.1667,4.6539,2.2171686507936506,3.0768844337506907,4.421550000000001,2.104822840573706,5.294053084544341,2.3167271594262946
2014-07-23,18.58,19.8888,7.0441,15.0787,15.1054,1.8826,1.63,7612013686.34,13.0112,-4.7486,6.0,3.0,4.1667,4.6539,2.218246031746032,3.078482100026394,4.423653968253968,2.1073291893069035,5.296728131772426,2.316324778947065
2014-07-24,18.48,19.8888,7.6234,14.9976,15.1054,1.8725,1.6309,7571044829.04,13.0112,-4.7486,6.0,3.0,4.1667,4.6539,2.218205753968254,3.0784111061512984,4.416286507936508,2.094364458115462,5.296616860119553,2.3219220498210453
2014-07-25,18.24,19.8888,9.0395,14.8028,15.1054,1.8482,1.6309,7472719571.52,13.0112,-4.7486,6.0,3.0,4.1667,4.6539,2.219856349206349,3.081850013921734,4.415067460317461,2.0916047026848696,5.301706363128083,2.3234627576325915
2014-07-28,18.24,19.8888,9.0395,14.8028,15.1096,1.8315,1.6312,7472719571.52,13.0112,-4.7486,6.0,3.0,4.1667,4.6539,2.2201734126984127,3.082544688665781,4.413848412698413,2.088840583969544,5.302718101364194,2.325007828728869
2014-07-29,18.19,19.8888,9.3392,14.7622,15.1075,1.8264,1.6312,7452235142.87,13.0112,-4.7486,6.0,3.0,4.1667,4.6539,2.2240626984126983,3.0902934511968736,4.424125396825397,2.109924121894104,5.314356149609572,2.314201274931293
2014-07-30,17.99,19.8888,10.5548,14.5999,15.1054,1.8064,1.6315,7370297428.27,13.0112,-4.7486,6.0,3.0,4.1667,4.6539,2.2254970238095244,3.093997108108065,4.43493253968254,2.1378490335038776,5.31949413191759,2.2970835061786627
2014-07-31,17.82,19.8888,11.6094,14.4619,15.1054,1.7936,1.6318,7318143944.1,13.0112,-4.7486,6.0,3.0,4.1667,4.6539,2.234018253968254,3.1138913279704474,4.465122222222222,2.211419871589967,5.347909581938701,2.253702350632255
2014-08-01,18.12,19.8333,9.4553,14.7521,15.1054,1.799,1.6334,7441345020.6,11.669,-4.8112,6.0,3.0,4.3,4.6539,2.2392369047619045,3.1237892163107603,4.470584920634921,2.222951538691646,5.363026121072664,2.2476333819432748
2014-08-04,18.1,19.8333,9.5762,14.7166,15.1054,1.8068,1.6364,7433131615.5,11.2648,-4.4362,6.0,3.0,4.3,4.6539,2.2410890873015874,3.1278676448973783,4.461330158730159,2.19892936902574,5.368956732198965,2.262400789704419
2014-08-05,18.06,19.8333,9.8189,14.6841,15.1054,1.8028,1.637,7416704805.3,11.2648,-4.4362,6.0,3.0,4.3,4.6539,2.244253174603174,3.134731123596767,4.456984126984128,2.187677197592642,5.378984298199942,2.2693069293914854
2014-08-06,18.06,19.7777,9.5111,14.7429,15.1054,1.7956,1.6375,7416704805.3,11.2671,-4.4307,6.0,3.0,4.3,4.6539,2.2482851190476185,3.142774072315565,4.446713492063493,2.160504369571437,5.391059191363183,2.286209122492056
2014-08-07,18.05,19.7777,9.5717,14.7347,15.1054,1.7946,1.6378,7412598102.75,11.2671,-4.4307,6.0,3.0,4.3,4.6539,2.251782738095238,3.149947559751499,4.43978253968254,2.142432980033089,5.401730297846737,2.2973495596494504
2014-08-08,18.2,19.7777,8.6687,14.8571,15.1054,1.8095,1.6378,7474198641.0,11.2671,-4.4307,6.0,3.0,4.3,4.6539,2.2531599206349204,3.152605207925415,4.428178571428571,2.115148186264477,5.405765128560335,2.313030385164094
2014-08-11,18.25,19.7777,8.371,14.898,15.1054,1.8239,1.6389,7494732153.75,11.2671,-4.4307,6.0,3.0,4.3,4.6539,2.2557424603174603,3.157088334008126,4.425014285714285,2.108890233529249,5.412830794325586,2.316124052185036
2014-08-12,18.3,19.7777,8.0749,14.9266,15.1054,1.8289,1.6389,7515265666.5,11.2671,-4.4336,6.0,3.0,4.3,4.6539,2.2591849206349206,3.162491805631528,4.432869047619048,2.1206877299015643,5.4216767262664485,2.312181317717484
2014-08-13,18.45,19.7777,7.1962,15.0489,15.1054,1.8439,1.6398,7576866204.75,11.2671,-4.4336,6.0,3.0,4.3,4.6539,2.259274603174604,3.162631442250685,4.430938095238095,2.118037307390478,5.421906045425288,2.312900787847617
2014-08-14,18.52,19.7777,6.791,15.106,15.1054,1.8509,1.6408,7605613122.6,11.2671,-4.4336,6.0,3.0,4.3,4.6539,2.258235515873016,3.1610528097568986,4.4369563492063495,2.1236947837013043,5.419288325629914,2.313261565505045
2014-08-15,18.54,19.7777,6.6758,15.1223,15.106,1.8529,1.6414,7613826527.7,11.2671,-4.4336,6.0,3.0,4.3,4.6539,2.257939285714285,3.160630954122173,4.441750793650794,2.128092252802996,5.418570239836459,2.313658540847798
2014-08-18,18.6,19.7777,6.3317,15.1725,15.1112,1.8589,1.6433,7638466743.0,11.2671,-4.4332,6.0,3.0,4.3,4.6539,2.257442857142857,3.159970035358292,4.453750793650793,2.1344938471778567,5.417412892501149,2.3192569464729367
2014-08-19,18.47,19.7777,7.0801,15.0665,15.1104,1.8459,1.6438,7585079609.85,11.2671,-4.4332,6.0,3.0,4.3,4.6539,2.2592305555555554,3.162446947671652,4.4612968253968255,2.142131775963049,5.421677503227207,2.3191650494337765
2014-08-20,18.47,19.7777,7.0801,15.0665,15.1096,1.8459,1.6438,7585079609.85,11.2671,-4.4332,6.0,3.0,4.3,4.6539,2.2606992063492064,3.1645169897362337,4.47565,2.1536325579171494,5.42521619608544,2.3220174420828505
2014-08-21,18.6,19.7777,6.3317,15.1725,15.1112,1.8589,1.644,7638466743.0,11.2671,-4.4332,6.0,3.0,4.3,4.6539,2.2614785714285714,3.1654728925856968,4.486756349206349,2.1596064446468315,5.426951464014268,2.327149904559517
2014-08-22,18.5,19.7777,6.9065,15.091,15.1112,1.8489,1.6443,7597399717.5,11.2671,-4.4332,6.0,3.0,4.3,4.6539,2.263556746031746,3.168182130547436,4.492924603174604,2.165437443462776,5.431738876579182,2.327487159711828
2014-08-25,18.54,19.7777,6.6758,15.1236,15.1223,1.8529,1.645,7613826527.7,11.2671,-4.4332,6.0,3.0,4.3,4.6539,2.265335317460317,3.1704106270321817,4.50541746031746,2.173503324500209,5.435745944492499,2.331914135817251
2014-08-26,18.51,19.7777,6.8487,15.1213,15.1218,1.8499,1.6455,7601506420.05,11.2671,-4.5798,6.0,3.0,4.3,4.6539,2.2680873015873018,3.1737908266377364,4.518384126984127,2.1826241276928084,5.441878128225039,2.335759999291319
2014-08-27,18.56,19.7777,6.5609,15.1622,15.1223,1.8549,1.6455,7622039932.8,11.2671,-4.5798,6.0,3.0,4.3,4.6539,2.269162698412698,3.1751557975452536,4.53175634920635,2.1899816647086627,5.444318495957951,2.341774684497687
2014-08-28,18.48,19.7777,7.0222,15.0968,15.1223,1.8469,1.646,7589186312.4,11.2671,-4.5798,6.0,3.0,4.3,4.6539,2.2739728174603173,3.1805224502236773,4.552348412698412,2.201164227103062,5.454495267683995,2.3511841855953497
2014-08-29,18.53,19.7777,6.7334,15.1377,15.1236,1.8519,1.6466,7609719825.15,11.2671,-4.5798,6.0,3.0,4.3,4.6539,2.278055158730159,3.1849289528160822,4.559204761904763,2.2066384730757105,5.462984111546241,2.352566288829052
2014-09-02,18.51,19.7777,6.8487,15.1213,15.1271,1.8499,1.6478,7601506420.05,11.2671,-4.5798,6.0,3.0,4.3,4.6539,2.282056349206349,3.1894075167765608,4.575494444444446,2.2159582234080246,5.47146386598291,2.359536221036421
2014-09-03,18.5,19.7777,6.9065,15.1131,15.1271,1.8489,1.6492,7597399717.5,11.2671,-4.5798,6.0,3.0,4.3,4.6539,2.2855494047619045,3.1935117720045967,4.588229365079365,2.224759480755516,5.479061176766502,2.363469884323849
2014-09-04,18.38,19.7777,7.6045,15.0151,15.1271,1.8369,1.6495,7548119286.9,11.2671,-4.5798,6.0,3.0,4.3,4.6539,2.288058531746032,3.197198256240652,4.618865873015873,2.2395745169533408,5.485256787986684,2.3792913560625326
2014-09-05,18.33,19.7777,7.898,14.9743,15.1271,1.8319,1.6497,7527585774.15,11.2671,-4.5798,6.0,3.0,4.3,4.6539,2.292577777777778,3.203521264494696,4.650524603174604,2.2575814962278984,5.496099042272473,2.392943106946705
2014-09-08,18.34,19.7777,7.8391,14.9824,15.1315,1.8329,1.65,7531692476.7,11.2671,-4.5798,6.0,3.0,4.3,4.6539,2.2985440476190475,3.2110515815860903,4.689496031746032,2.269969593290818,5.509595629205138,2.4195264384552138
2014-09-09,18.3,19.7777,8.0749,14.9498,15.1293,1.8289,1.6506,7515265666.5,11.2671,-4.5798,6.0,3.0,4.3,4.6539,2.3034142857142856,3.217953783978144,4.729910317460318,2.284622076434842,5.521368069692429,2.445288241025476
2014-09-10,18.16,19.7777,8.908,14.8354,15.1271,1.8149,1.6511,7457771830.8,11.2671,-4.313,7.0,3.0,4.3,4.6539,2.3110347222222223,3.229040436895452,4.77907380952381,2.3074190349976145,5.5400751591176745,2.471654774526196
2014-09-11,17.99,19.7777,9.9372,14.6965,15.1271,1.7979,1.6512,7387957887.45,11.2671,-4.3184,7.0,3.0,4.3,4.6539,2.3219371031746032,3.2454853029772264,4.834268253968254,2.346944025839746,5.567422406151829,2.487324228128508
2014-09-12,17.99,19.7777,9.9372,14.6965,15.1271,1.7979,1.6519,7387957887.45,11.2671,-4.3184,7.0,3.0,4.3,4.6539,2.3331472222222223,3.262002821846374,4.89415,2.3801549452337647,5.595150044068596,2.513995054766235
2014-09-15,18.0,19.7777,9.8761,14.7047,15.1315,1.7989,1.6519,7392064590.0,11.2671,-4.3184,7.0,3.0,4.3,4.6539,2.345457738095238,3.278728809902736,4.959018253968255,2.403741207248582,5.624186547997974,2.555277046719673
2014-09-16,17.96,19.7777,10.1208,14.672,15.1293,1.7949,1.6528,7375637779.8,11.2671,-4.3184,7.0,3.0,4.3,4.6539,2.357949801587301,3.296323132648081,5.031226190476192,2.4211371110346707,5.654272934235383,2.610089079441521
2014-09-17,18.06,19.7777,9.5111,14.7537,15.1271,1.8049,1.6538,7416704805.3,11.2671,-4.3184,7.0,3.0,4.3,4.6539,2.372084920634921,3.3116867432140378,5.094449206349207,2.433351547532765,5.683771663848958,2.661097658816442
2014-09-18,18.18,19.7777,8.7882,14.8517,15.1271,1.8169,1.654,7465985235.9,11.2671,-4.3184,7.0,3.0,4.3,4.6539,2.3847857142857145,3.3239959424466448,5.153183333333333,2.4324787564541515,5.708781656732359,2.7207045768791813
2014-09-19,18.2,19.7777,8.6687,14.8681,15.1271,1.8189,1.6543,7474198641.0,11.2671,-4.3184,7.0,3.0,4.3,4.6539,2.396357142857142,3.335702771082342,5.195730952380952,2.446784115510606,5.7320599139394846,2.748946836870346
2014-09-22,18.23,19.7777,8.4899,14.8926,15.1315,1.8219,1.6555,7486518748.65,11.2671,-4.3184,7.0,3.0,4.3,4.6539,2.4081694444444444,3.3467228350746216,5.243277777777778,2.452163790773967,5.754892279519066,2.791113987003812
2014-09-23,18.05,19.7777,9.5717,14.7455,15.1293,1.8039,1.6555,7412598102.75,11.2671,-4.3184,7.0,3.0,4.3,4.6539,2.4220315476190475,3.361892191580481,5.298985714285714,2.470210251512007,5.783923739199528,2.828775462773707
2014-09-24,18.18,19.7777,8.7882,14.8517,15.1271,1.8169,1.6555,7465985235.9,11.2671,-4.3184,7.0,3.0,4.3,4.6539,2.43492996031746,3.373824111871867,5.343342857142857,2.4823536251689235,5.808754072189327,2.8609892319739334
2014-09-25,18.06,19.7777,9.5111,14.7537,15.1271,1.8049,1.6558,7416704805.3,11.2671,-4.3184,7.0,3.0,4.3,4.6539,2.447779166666667,3.3884147736651173,5.388240476190477,2.506245011460232,5.836193940331784,2.8819954647302457
2014-09-26,18.23,19.7777,8.4899,14.8926,15.1271,1.8219,1.6567,7486518748.65,11.2671,-4.9692,8.0,3.0,4.3,4.6539,2.4599382936507936,3.3990838153419265,5.428073015873015,2.515396704153592,5.85902210899272,2.9126763117194234
2014-09-29,18.24,19.7777,8.4304,14.9007,15.1293,1.8229,1.659,7490625451.2,11.2671,-4.9775,8.0,3.0,4.3,4.6539,2.471387698412699,3.409461476842771,5.475996031746032,2.5146133444776053,5.88084917525547,2.9613826872684266
2014-09-30,18.24,19.7777,8.4304,14.9007,15.1271,1.8183,1.6595,7490625451.2,11.598,-4.9813,8.0,3.0,4.3,4.6539,2.481447619047619,3.4195543110639823,5.519231746031745,2.51823188214764,5.901001930111601,3.0009998638841053
2014-10-01,18.12,19.7777,9.1485,14.8027,15.1254,1.8063,1.6596,7441345020.6,11.598,-4.9813,8.0,3.0,4.3,4.6539,2.4935878968253973,3.4323425199398585,5.5664484126984135,2.530129816708656,5.925930416765256,3.0363185959897576
2014-10-02,18.25,19.7777,8.371,14.9065,15.1254,1.8193,1.6596,7494732153.75,11.598,-4.9843,8.0,3.0,4.3,4.6539,2.504739285714286,3.4422950250504734,5.608354761904762,2.532524450918068,5.947034310764759,3.0758303109866945
2014-10-03,18.47,19.7777,7.0801,15.0862,15.1254,1.8412,1.6598,7585079609.85,11.598,-4.986,8.0,3.0,4.3,4.6539,2.516936309523809,3.447600848074655,5.634829365079366,2.530317026337116,5.964537157598464,3.104512338742249
2014-10-06,18.39,19.7777,7.5459,15.0086,15.1293,1.8332,1.6626,7552225989.45,11.598,-4.9747,8.0,3.0,4.3,4.6539,2.5277156746031744,3.454821303002248,5.652190476190476,2.535903518777733,5.982536977605422,3.116286957412743
2014-10-07,18.26,19.7777,8.3116,14.9146,15.1271,1.8203,1.6632,7498838856.3,11.598,-4.7083,9.0,3.0,4.3,4.6539,2.5399666666666665,3.464367777757221,5.677419047619047,2.54648515100226,6.004334444423888,3.130933896616788
2014-10-08,18.47,19.7777,7.0801,15.0862,15.1254,1.8412,1.6632,7585079609.85,11.598,-4.6933,9.0,3.0,4.3,4.6539,2.55049126984127,3.470093891431606,5.7021500000000005,2.544842585206541,6.0205851612728765,3.157307414793459
2014-10-09,18.32,19.7777,7.9569,14.9637,15.1254,1.8262,1.665,7523479071.6,11.598,-4.6854,9.0,3.0,4.3,4.6539,2.5657128968253966,3.476956633406389,5.725901587301587,2.5518561384525915,6.042669530231786,3.174045448848996
2014-10-10,18.29,19.8055,8.2859,14.9391,15.1254,1.8232,1.6674,7511158963.95,11.598,-4.6712,9.0,3.0,4.3,4.6539,2.5814484126984127,3.4848695327594705,5.75684126984127,2.559121531659621,6.066317945457883,3.197719738181649
2014-10-13,18.25,19.8333,8.6756,14.9187,15.1293,1.8187,1.6681,7494732153.75,11.3631,-4.7958,9.0,3.0,4.3,4.6539,2.5973998015873017,3.494334192587043,5.793066666666666,2.567930757415532,6.091733994174344,3.2251359092511342
2014-10-14,18.32,19.8333,8.2604,14.9759,15.1271,1.8256,1.6681,7523479071.6,11.3631,-4.7958,9.0,3.0,4.3,4.6539,2.612667063492064,3.502240444305333,5.82904761904762,2.570507653292437,6.114907507797398,3.2585399657551823
2014-10-15,17.92,19.8333,10.6769,14.6489,15.1254,1.7858,1.6681,7359210969.6,11.3631,-4.7958,9.0,3.0,4.3,4.6539,2.634114484126985,3.518455927992429,5.891949206349207,2.591477275894981,6.152570412119413,3.3004719304542256
2014-10-16,17.77,19.8333,11.6111,14.5263,15.1254,1.7708,1.6681,7297610431.35,11.3631,-4.7958,9.0,3.0,4.3,4.6539,2.655079761904762,3.540378510279758,5.961838888888889,2.626074307858835,6.195458272184521,3.335764581030054
2014-10-17,18.12,19.8333,9.4553,14.8124,15.1254,1.8057,1.6685,7441345020.6,11.3631,-4.7958,9.0,3.0,4.3,4.6539,2.674523412698413,3.550767568671171,6.012051587301587,2.631945378422235,6.225290981369584,3.3801062088793525
2014-10-20,18.24,19.8333,8.7352,14.9105,15.1254,1.8177,1.6698,7490625451.2,11.3631,-4.7958,9.0,3.0,4.3,4.6539,2.695219444444444,3.555640371263692,6.056978571428571,2.6297124970341987,6.250859815708136,3.4272660743943724
2014-10-21,18.55,19.8333,6.9181,15.1999,15.1271,1.8486,1.6707,7617933230.25,11.3631,-4.7899,9.0,3.0,4.3,4.6539,2.712177777777778,3.555357933727711,6.095129365079365,2.606778331475749,6.267535711505489,3.488351033603616
2014-10-22,18.55,19.8333,6.9181,15.1999,15.1293,1.8486,1.6708,7617933230.25,11.3631,-4.7899,9.0,3.0,4.3,4.6539,2.7309724206349206,3.552497969344947,6.136632539682539,2.577526384573666,6.283470389979868,3.559106155108873
2014-10-23,18.39,19.8333,7.8483,15.0688,15.1293,1.8326,1.671,7552225989.45,11.3631,-4.7899,9.0,3.0,4.3,4.6539,2.750304563492063,3.5537843551769264,6.176658730158731,2.564501431351496,6.30408891866899,3.6121572988072352
2014-10-24,18.56,19.8333,6.8605,15.2081,15.133,1.8496,1.6718,7622039932.8,11.3631,-4.7899,9.0,3.0,4.3,4.6539,2.7687248015873016,3.550973960931361,6.204557936507936,2.552545169335344,6.319698762518663,3.6520127671725926
2014-10-27,18.7,19.8333,6.0604,15.3228,15.1377,1.8635,1.673,7679533768.5,11.3631,-4.7899,9.0,3.0,4.3,4.6539,2.784903968253968,3.547349235666724,6.232096825396825,2.531876244588296,6.332253203920692,3.700220580808529
2014-10-28,18.76,19.8333,5.7212,15.372,15.1452,1.8695,1.6731,7704173983.8,11.3631,-4.7899,9.0,3.0,4.3,4.6539,2.8010636904761905,3.5421234526717367,6.254387301587302,2.5147230719898666,6.343187143147928,3.739664229597436
2014-10-29,18.74,19.8333,5.834,15.3556,15.1488,1.8537,1.6734,7638990603.9,11.3631,-4.7899,9.0,3.0,4.3,4.6539,2.817966865079365,3.536212776992945,6.280977777777777,2.4921441627287355,6.35417964207231,3.788833615049042
2014-10-30,18.72,19.9444,6.5406,15.2418,15.1574,1.8571,1.6744,7630837999.2,10.5881,-3.9044,10.0,3.0,4.3333,4.6539,2.83367261904762,3.5351308940034643,6.304746825396825,2.480100464471254,6.368803513051084,3.824646360925571
2014-10-31,18.77,19.9743,6.4161,15.12,15.1574,1.8574,1.6752,7651219510.95,9.8069,-3.0827,10.0,3.0,4.3333,4.6539,2.848998015873016,3.5338829839611168,6.325795238095238,2.4695966825977536,6.382880999834132,3.856198555497485
2014-11-03,18.8,19.9743,6.2463,15.1442,15.1668,1.8604,1.6762,7663448418.0,9.8069,-3.0827,10.0,3.0,4.3333,4.6539,2.865910119047619,3.5296942600598795,6.342447619047618,2.4618570141328218,6.395604379107498,3.8805906049147967
2014-11-04,18.91,19.9743,5.6282,15.2328,15.1713,1.8713,1.6767,7708287743.85,9.8069,-3.0827,10.0,3.0,4.3333,4.6539,2.87102123015873,3.531828970117408,6.359973015873016,2.4487110809539616,6.402850200276138,3.9112619349190543
2014-11-05,18.91,19.9743,5.6282,15.2328,15.1713,1.8713,1.677,7708287743.85,9.8069,-3.0827,10.0,3.0,4.3333,4.6539,2.87685119047619,3.533953874750667,6.37461746031746,2.438673286263124,6.410805065226858,3.935944174054336
2014-11-06,19.03,19.9743,4.9622,15.3295,15.1725,1.8831,1.6773,7757203372.05,9.8069,-3.0827,10.0,3.0,4.3333,4.6539,2.883561111111111,3.534697842881707,6.381806349206349,2.4331135671563,6.418258953992818,3.94869278205005
2014-11-07,19.16,19.9743,4.25,15.4354,15.1725,1.896,1.6776,7810195302.6,9.8069,-3.0822,10.0,3.0,4.3333,4.6539,2.8875876984126982,3.5350970058771463,6.385512698412699,2.4294761193965555,6.4226847042898445,3.956036579016143
2014-11-10,19.09,19.9743,4.6323,15.379,15.1786,1.8872,1.6783,7781661186.15,9.8069,-3.0822,10.0,3.0,4.3333,4.6539,2.8922307539682537,3.5358501420766064,6.394842063492063,2.4203796509922144,6.42808089604486,3.974462412499848
2014-11-11,19.11,19.9743,4.5228,15.3952,15.1892,1.8894,1.6784,7789813790.85,9.9724,-3.0822,10.0,3.0,4.3333,4.6539,2.894923214285714,3.5365754584452165,6.395048412698413,2.4202176419731645,6.43149867273093,3.974830770725249
2014-11-12,19.14,19.9743,4.3589,15.4193,15.1999,1.8924,1.6785,7802042697.9,9.9724,-3.0822,10.0,3.0,4.3333,4.6539,2.897146428571429,3.537143956096516,6.388209523809524,2.4247760433139502,6.4342903846679445,3.963433480495573
2014-11-13,19.2,19.9743,4.0328,15.4677,15.1999,1.8983,1.6789,7826500512.0,9.9724,-3.0822,10.0,3.0,4.3333,4.6539,2.897854761904762,3.5373359363702783,6.382326984126983,2.429617713185907,6.43519069827504,3.952709270941076
2014-11-14,19.1,19.9743,4.5775,15.3871,15.2081,1.8885,1.6792,7785737488.5,9.9724,-3.0822,10.0,3.0,4.3333,4.6539,2.899888095238095,3.538007577485799,6.38076746031746,2.430721139640124,6.437895672723894,3.950046320677336
2014-11-17,18.97,19.9743,5.2941,15.2824,15.2167,1.8756,1.6792,7732745557.95,9.9724,-3.0822,10.0,3.0,4.3333,4.6539,2.90478511904762,3.53961281224276,6.38577619047619,2.427801668091785,6.4443979312903785,3.957974522384405
2014-11-18,18.99,19.9743,5.1833,15.2985,15.2174,1.8776,1.6796,7740898162.65,9.9724,-3.0822,10.0,3.0,4.3333,4.6539,2.913118055555556,3.54002429026655,6.393849206349207,2.422046064260556,6.453142345822107,3.9718031420886506
2014-11-19,19.08,19.9743,4.6871,15.371,15.2181,1.8865,1.6801,7777584883.8,9.9724,-3.0822,10.0,3.0,4.3333,4.6539,2.918220634920635,3.5407255266513085,6.400592063492064,2.416047574088141,6.458946161571944,3.984544489403923
2014-11-20,19.05,19.9743,4.852,15.3468,15.2254,1.8835,1.6814,7765355976.75,9.9724,-3.0822,10.0,3.0,4.3333,4.6539,2.9230666666666667,3.5416992841240607,6.405599206349207,2.412145149446866,6.464765950790728,3.99345405690234
2014-11-21,18.98,19.9743,5.2387,15.2769,15.2328,1.8851,1.6832,7736821860.3,9.5834,-3.1194,10.0,3.0,4.3333,4.6539,2.931046031746032,3.542378360184549,6.419311111111111,2.4004412709075464,6.473424391930582,4.018869840203564
2014-11-24,19.16,19.9743,4.25,15.4218,15.2391,1.903,1.6844,7810195302.6,9.5834,-3.1194,10.0,3.0,4.3333,4.6539,2.938294047619048,3.541330227202144,6.420412698412698,2.3994052059287823,6.479624274821191,4.021007492483916
2014-11-25,19.06,19.9743,4.797,15.3413,15.2418,1.8931,1.6849,7769432279.1,9.5834,-3.1194,10.0,3.0,4.3333,4.6539,2.9481109126984126,3.539607553436646,6.427160317460318,2.393581650935137,6.487718466135059,4.03357866652518
2014-11-26,19.05,19.9743,4.852,15.3332,15.2428,1.8921,1.6849,7765355976.75,9.5834,-3.1194,10.0,3.0,4.3333,4.6539,2.957230357142857,3.538577968553716,6.433474603174603,2.3883211540474454,6.495808325696574,4.045153449127158
2014-11-28,19.11,19.9743,4.5228,15.3815,15.2439,1.898,1.6849,7789813790.85,9.5834,-3.1194,10.0,3.0,4.3333,4.6539,2.967302976190476,3.5357881069863204,6.438479365079365,2.3836093416269946,6.5030910831767965,4.05487002345237
2014-12-01,19.0,19.9743,5.1279,15.293,15.269,1.8871,1.6868,7744974465.0,9.5834,-3.1194,10.0,3.0,4.3333,4.6539,2.978841468253968,3.5333254840713684,6.449153174603175,2.3746172392094103,6.5121669523253365,4.074535935393764
2014-12-02,19.2,20.0512,4.4333,15.4291,15.2721,1.907,1.6877,7826500512.0,9.5834,-3.13,10.0,3.0,4.3333,4.6539,2.9909682539682536,3.527792867633028,6.461607142857142,2.3597328562083573,6.5187611216012815,4.101874286648785
2014-12-03,19.35,20.0512,3.6238,15.5497,15.2745,1.9219,1.6877,7887645047.25,9.5834,-3.13,10.0,3.0,4.3333,4.6539,2.9993898809523807,3.524218342859558,6.474384126984128,2.3397313947858867,6.523608223811939,4.134652732198241
2014-12-04,19.43,20.0512,3.1971,15.614,15.2796,1.9298,1.688,7920255466.05,9.5834,-3.13,10.0,3.0,4.3333,4.6539,3.0061660714285714,3.521301696265569,6.479992857142857,2.3309352166092583,6.527467767694141,4.149057640533599
2014-12-05,19.47,20.1794,3.6436,15.6335,15.2864,1.9338,1.689,7936560675.45,9.7009,-2.6053,11.0,3.0,4.3333,4.6539,3.0152878968253964,3.5169751849173267,6.486179365079365,2.3222799037263946,6.532263081742723,4.163899461352971
2014-12-08,19.69,20.4285,3.7506,15.7482,15.2958,1.9544,1.6904,8026239327.15,9.5966,-2.2585,12.0,3.0,4.3333,4.6539,3.023961111111111,3.5133788406783952,6.494065079365079,2.311175933392236,6.537339951789506,4.182889145972843
2014-12-09,19.42,20.4285,5.1931,15.5323,15.2985,1.9276,1.6905,7916179163.7,9.5966,-2.2585,12.0,3.0,4.3333,4.6539,3.036025396825397,3.5103597817496937,6.510974603174603,2.2935956368964687,6.546385178575091,4.217378966278134
2014-12-10,19.35,20.4285,5.5736,15.4763,15.2986,1.9206,1.691,7887645047.25,9.5966,-2.2585,12.0,3.0,4.3333,4.6539,3.0481829365079363,3.5085124317811105,6.527049206349206,2.279720506544616,6.556695368289047,4.24732869980459
2014-12-11,19.37,20.4285,5.4646,15.4923,15.3037,1.9226,1.6914,7895797651.95,9.5966,-2.2585,12.0,3.0,4.3333,4.6539,3.0593244047619046,3.507249628203319,6.542688888888889,2.265461171178228,6.566574032965224,4.277227717710661
2014-12-12,19.24,20.4285,6.1772,15.3883,15.312,1.9097,1.6915,7842805721.4,9.5966,-2.2585,12.0,3.0,4.3333,4.6539,3.072471626984127,3.506491585442028,6.559228571428571,2.255018239176308,6.578963212426155,4.304210332252263
2014-12-15,19.18,20.4285,6.5094,15.3403,15.319,1.9038,1.6924,7818347907.3,9.5966,-2.2585,12.0,3.0,4.3333,4.6539,3.085205357142857,3.507298050837211,6.58487619047619,2.23569270508924,6.592503407980068,4.34918348538695
2014-12-16,19.18,20.4285,6.5094,15.3403,15.3228,1.9038,1.6924,7818347907.3,9.5966,-2.2585,12.0,3.0,4.3333,4.6539,3.0966428571428573,3.509049753241481,6.609237301587302,2.2178012155010944,6.605692610384338,4.391436086086207
2014-12-17,19.37,20.4285,5.4646,15.4923,15.3254,1.9226,1.6924,7895797651.95,9.5966,-2.2585,12.0,3.0,4.3333,4.6539,3.10598373015873,3.5090747896584573,6.630426984126984,2.193687679371588,6.615058519817188,4.436739304755396
2014-12-18,19.61,20.4285,4.1739,15.6842,15.3287,1.9464,1.693,7993628908.35,9.5966,-2.2585,12.0,3.0,4.3333,4.6539,3.1072291666666665,3.509342722320824,6.638820634920635,2.1821269689299623,6.61657188898749,4.456693665990673
2014-12-19,19.61,20.4285,4.1739,15.6842,15.3294,1.9464,1.694,7993628908.35,9.5966,-2.2585,12.0,3.0,4.3333,4.6539,3.108659920634921,3.5096308750332623,6.6429253968253965,2.176952789270018,6.618290795668184,4.465972607555379
2014-12-22,19.64,20.4285,4.0148,15.7082,15.3332,1.9494,1.6947,8005857815.4,9.5966,-2.2585,12.0,3.0,4.3333,4.6539,3.1078027777777777,3.509356158860723,6.64791746031746,2.1701344992081406,6.617158936638501,4.47778296110932
2014-12-23,19.92,20.4285,2.5527,15.9322,15.3346,1.9772,1.6951,8119994281.2,9.5966,-2.2585,12.0,3.0,4.3333,4.6539,3.1011603174603173,3.507227360531649,6.640876190476191,2.1820332739693136,6.608387677991966,4.458842916506877
2014-12-24,19.84,20.4285,2.9662,15.8682,15.3361,1.9693,1.6956,8087383862.4,9.5966,-2.2585,12.0,3.0,4.3333,4.6539,3.0959216269841274,3.505449170787469,6.633234126984127,2.1932638829713813,6.601370797771597,4.439970244012746
2014-12-26,19.76,20.4285,3.3831,15.8042,15.3403,1.9613,1.6963,8054773443.6,9.5966,-2.2585,12.0,3.0,4.3333,4.6539,3.092234523809524,3.504165090129906,6.630630952380953,2.196951447236592,6.596399613939431,4.433679505144362
2014-12-29,19.82,20.4285,3.0701,15.8522,15.3404,1.9673,1.6972,8079231257.7,9.5966,-2.2585,12.0,3.0,4.3333,4.6539,3.088214880952381,3.503023765926912,6.62898253968254,2.199563630507962,6.591238646879293,4.4294189091745775
2014-12-30,19.87,20.4285,2.8108,15.8922,15.3404,1.9722,1.6986,8099612769.45,9.5966,-2.2585,12.0,3.0,4.3333,4.6539,3.083392261904762,3.50172644436037,6.6329087301587295,2.192232908065164,6.585118706265131,4.440675822093565
2014-12-31,19.7,20.4285,3.698,15.7562,15.3404,1.9554,1.7001,8030315629.5,9.5966,-2.2585,12.0,3.0,4.3333,4.6539,3.083319246031746,3.501713218239004,6.63581507936508,2.188060230435045,6.58503246427075,4.447754848930035
2015-01-02,19.5,20.4285,4.7615,15.5963,15.3413,1.9355,1.7007,7948789582.5,9.5966,-2.2585,12.0,3.0,4.3333,4.6539,3.08702619047619,3.502500367151596,6.650150793650794,2.169592001377225,6.589526557627785,4.480558792273569
2015-01-05,19.38,20.4285,5.4102,15.5003,15.3556,1.9236,1.7026,7899873954.3,9.5966,-2.2585,12.0,3.0,4.3333,4.6539,3.0914666666666664,3.504026902862472,6.668783333333334,2.1485133049531404,6.595493569529138,4.520270028380193
2015-01-06,19.42,20.4285,5.1931,15.5323,15.3612,1.9276,1.7034,7916179163.7,9.5966,-2.2529,12.0,3.0,4.3333,4.6539,3.0972648809523813,3.5050838699132294,6.683126984126985,2.1323928646444816,6.602348750865611,4.550734119482503
2015-01-07,19.54,20.4285,4.5471,15.6282,15.3667,1.9395,1.7036,7965094791.9,9.5962,-2.249,12.0,3.0,4.3,4.6539,3.099714880952381,3.505665979808223,6.690624603174604,2.123114816817618,6.605380860760604,4.567509786356986
2015-01-08,19.88,20.4285,2.7591,15.8054,15.3681,1.9739,1.704,8103689071.8,9.5962,-2.3376,13.0,3.0,4.3,4.6539,3.098895238095238,3.5056972910390622,6.679601587301588,2.1399601896105747,6.6045925291343,4.539641397691013
2015-01-09,19.7,20.4285,3.698,15.6623,15.371,1.956,1.7044,8030315629.5,9.5965,-2.3339,13.0,3.0,4.3,4.6539,3.1006301587301586,3.505777143681,6.679065873015873,2.140703857040178,6.606407302411158,4.538362015975695
2015-01-12,19.64,20.4285,4.0148,15.6146,15.3739,1.95,1.7056,8005857815.4,9.5965,-2.3339,13.0,3.0,4.3,4.6539,3.102000595238095,3.5059996665442883,6.680890476190477,2.1383139573199346,6.608000261782383,4.542576518870543
2015-01-13,19.72,20.6904,4.9209,15.6545,15.3764,1.9562,1.7057,8038468234.2,9.6465,-2.46,13.0,3.0,4.3,4.6539,3.106404563492064,3.5068892693885223,6.690478571428572,2.1275803054779883,6.613293832880586,4.562898265950583
2015-01-14,19.63,20.6904,5.4019,15.5596,15.3789,1.9473,1.7057,8001781513.05,9.6465,-2.4606,13.0,3.0,4.3,4.6539,3.1131186507936506,3.508040450881249,6.698257936507937,2.1210001371563307,6.6211591016749,4.577257799351607
2015-01-15,19.71,20.6904,4.9741,15.623,15.379,1.9552,1.7057,8034391931.85,9.6465,-2.4606,13.0,3.0,4.3,4.6539,3.1185791666666667,3.508792442977356,6.684838888888889,2.1265542394014365,6.627371609644023,4.558284649487453
2015-01-16,19.75,20.7142,4.882,15.6436,15.3802,1.9592,1.7062,8050697141.25,9.6465,-2.7832,14.0,3.0,4.3,4.6539,3.122632738095238,3.509648808633119,6.675381746031746,2.131937077097913,6.632281546728358,4.543444668933834
2015-01-20,19.58,20.7142,5.7926,15.5089,15.3877,1.9423,1.7071,7981400001.3,9.6465,-2.8226,15.0,3.0,4.3,4.6539,3.1273319444444447,3.511638399456871,6.668637301587302,2.133385941595689,6.638970343901316,4.535251359991612
2015-01-21,19.65,20.8461,6.087,15.5311,15.3883,1.9493,1.7076,8009934117.75,9.6465,-2.6769,14.0,3.0,4.3,4.6539,3.131924404761905,3.513996390892891,6.6582888888888885,2.13301681610723,6.645920795654796,4.525272072781659
2015-01-22,19.89,20.8333,4.7426,15.7308,15.3952,1.9731,1.7076,8107765374.15,9.6465,-2.7293,15.0,3.0,4.3,4.6539,3.1389867063492067,3.513648888403034,6.640023015873015,2.139530914987372,6.65263559475224,4.500492100885643
2015-01-23,19.8,20.8333,5.2187,15.6608,15.3965,1.9641,1.7082,8071078653.0,9.6465,-2.7288,15.0,3.0,4.3,4.6539,3.1459335317460315,3.514293930856067,6.620938095238095,2.1414131826197886,6.660227462602098,4.479524912618307
2015-01-26,19.91,20.8333,4.6374,15.7478,15.4018,1.9751,1.7105,8115917978.85,9.6465,-2.7288,15.0,3.0,4.3,4.6539,3.152258531746032,3.5141034969113347,6.586000793650793,2.1375452959504826,6.666362028657367,4.44845549770031
2015-01-27,19.95,20.8333,4.4276,15.7795,15.4031,1.979,1.7106,8132223188.25,9.6465,-2.7288,15.0,3.0,4.3,4.6539,3.157101388888889,3.5141760189870093,6.549398412698412,2.1346807080025183,6.671277407875898,4.414717704695894
2015-01-28,19.75,20.8333,5.4851,15.6213,15.4044,1.9592,1.7108,8050697141.25,9.6465,-2.7288,15.0,3.0,4.3,4.6539,3.1640424603174604,3.515314559573025,6.518810317460317,2.1219605354985687,6.679357019890485,4.396849781961748
2015-01-29,19.68,20.8333,5.8603,15.5659,15.4046,1.9522,1.7146,8022163024.8,9.6465,-2.7288,15.0,3.0,4.3,4.6539,3.172793849206349,3.516527981013973,6.4815523809523805,2.091523999411664,6.689321830220322,4.390028381540716
2015-01-30,19.32,20.8333,7.8328,15.2812,15.4046,1.9165,1.7151,7875416140.2,9.6465,-2.7288,15.0,3.0,4.3,4.6539,3.186382142857143,3.5212830664452746,6.451579365079365,2.043970514163908,6.707665209302418,4.407608850915457
2015-02-02,19.62,20.8333,6.184,15.5185,15.4127,1.9463,1.718,7997705210.7,9.6465,-2.7288,15.0,3.0,4.3,4.6539,3.200048611111111,3.519520346386161,6.4256166666666665,2.0262107731133696,6.719568957497272,4.399405893553297
2015-02-03,19.87,20.8333,4.848,15.7162,15.4137,1.9711,1.7181,8099612769.45,9.6465,-2.7288,15.0,3.0,4.3,4.6539,3.2143208333333333,3.511564564781147,6.3880912698412695,2.0111221416124523,6.72588539811448,4.376969128228817
2015-02-04,19.95,20.8571,4.5469,15.7782,15.4147,1.979,1.7182,8132223188.25,9.6465,-2.7293,15.0,3.0,4.3,4.6539,3.224100396825397,3.508391005080892,6.34625,1.9939417907954795,6.732491401906289,4.352308209204521
2015-02-05,20.15,20.8571,3.5092,15.9364,15.4177,1.9989,1.7185,8213749235.25,9.6465,-2.7293,15.0,3.0,4.3,4.6539,3.2342267857142857,3.5018145919619714,6.298615873015874,1.9894163265608125,6.736041377676257,4.309199546455061
2015-02-06,20.0,20.8571,4.2855,15.8178,15.4193,1.984,1.7199,8152604700.0,9.6465,-2.7293,15.0,3.0,4.3,4.6539,3.247874404761905,3.492450457477088,6.256661904761905,1.975530194752242,6.740324862238992,4.281131710009663
2015-02-09,19.92,20.8571,4.7043,15.7545,15.4218,1.9761,1.7204,8119994281.2,9.6465,-2.7293,15.0,3.0,4.3,4.6539,3.263207142857143,3.4818103125975965,6.225198412698413,1.96836401031876,6.74501745545474,4.256834402379654
2015-02-10,20.11,20.8571,3.7151,15.9048,15.423,1.9212,1.7228,7894503426.38,9.6465,-2.7293,15.0,3.0,4.3,4.6539,3.2795313492063487,3.464526832669005,6.188246825396826,1.971458741812908,6.744058181875355,4.216788083583918
2015-02-11,20.08,21.1904,5.5299,14.9216,15.4218,1.809,1.7251,7882726444.64,5.6955,4.2703,1.0,3.0,4.3,4.6539,3.301186111111111,3.444317426977187,6.168048412698412,1.965001275754841,6.745503538088298,4.203047136943571
2015-02-12,19.86,21.238,6.9386,14.7046,15.4218,1.7865,1.7255,7796361911.88,4.7392,1.5428,3.0,3.0,4.3,4.6539,3.313448412698413,3.446247410726873,6.1660039682539685,1.964056779480884,6.759695823425286,4.201947188773085
2015-02-13,19.98,21.238,6.2963,14.7934,15.4218,1.7973,1.7261,7843469838.84,4.7392,1.5428,3.0,3.0,4.3,4.6539,3.322678174603175,3.447997532034241,6.162077777777777,1.96329171313458,6.770675706637416,4.198786064643198
2015-02-17,19.77,21.238,7.4254,14.6379,15.4241,1.7784,1.7261,7761030966.66,4.7392,1.5428,3.0,3.0,4.3,4.6539,3.333044841269841,3.452468691930526,6.168026984126984,1.9659947239976825,6.785513533200367,4.202032260129301
2015-02-18,20.02,21.238,6.0839,14.823,15.423,1.8009,1.7266,7859172481.16,4.7392,1.5428,3.0,3.0,4.3,4.6539,3.340110119047619,3.454450705472207,6.1660603174603175,1.965953627126894,6.7945608245198255,4.200106690333423
2015-02-19,20.05,21.238,5.9252,14.8453,15.423,1.8036,1.7273,7870949462.9,4.7392,1.5428,3.0,3.0,4.3,4.6539,3.348641468253968,3.455516896798816,6.156894444444444,1.964349597166854,6.804158365052784,4.19254484727759
2015-02-20,20.01,21.238,6.1369,14.8156,15.423,1.8,1.729,7855246820.58,4.7392,1.5428,3.0,3.0,4.3,4.6539,3.355922222222222,3.4575216607815267,6.14940873015873,1.962599700887541,6.813443883003749,4.186809029271188
2015-02-23,19.85,21.238,6.9924,14.6972,15.4266,1.7856,1.7319,7792436251.3,4.7392,1.5428,3.0,3.0,4.3,4.6539,3.365027976190476,3.461048720305016,6.154652380952381,1.963972785828505,6.826076696495492,4.190679595123877
2015-02-24,19.81,21.238,7.2085,14.6676,15.4241,1.782,1.732,7776733608.98,4.7392,1.5428,3.0,3.0,4.3,4.6539,3.376829761904762,3.463997827403687,6.157049206349206,1.965081645235144,6.840827589308448,4.191967561114063
2015-02-25,19.62,21.238,8.2467,14.529,15.423,1.7681,1.7321,7702146057.96,4.737,1.5229,3.0,3.0,4.3,4.6539,3.389815873015873,3.4699685457271627,6.1695166666666665,1.973365018388816,6.859784418743036,4.1961516482778505
2015-02-26,19.63,21.238,8.1915,14.5364,15.423,1.769,1.7321,7706071718.54,4.737,1.5229,3.0,3.0,4.3,4.6539,3.4056634920634923,3.473628276044453,6.18017380952381,1.980674638932216,6.8792917681079455,4.199499170591594
2015-02-27,19.72,21.238,7.6978,14.6031,15.423,1.7771,1.7369,7741402663.76,4.737,1.5229,3.0,3.0,4.3,4.6539,3.4205315476190474,3.475934668153734,6.1891968253968255,1.985007771710361,6.896466215772781,4.204189053686465
2015-03-02,19.88,21.238,6.831,14.7216,15.4266,1.7915,1.7676,7804213233.04,4.737,1.5229,3.0,3.0,4.3,4.6539,3.4345299603174606,3.4754337342478814,6.187679365079365,1.9844388800997328,6.9099636945653415,4.203240484979632
2015-03-03,19.83,21.238,7.1004,14.6845,15.4241,1.793,1.7678,7784584930.14,4.7336,1.5229,3.0,2.0,11.0,4.6539,3.4507416666666666,3.47343465285357,6.190592063492064,1.9855153237225844,6.924176319520237,4.20507673976948
2015-03-04,19.78,21.238,7.3711,14.6475,15.423,1.7885,1.7681,7764956627.24,4.7336,1.5229,3.0,2.0,11.0,4.6539,3.4670136904761906,3.472550526331243,6.194738095238095,1.98744502240888,6.939564216807433,4.207293072829215
2015-03-05,19.97,21.238,6.3495,14.7882,15.423,1.8057,1.769,7839544178.26,4.7336,1.5229,3.0,2.0,11.0,4.6539,3.479665873015873,3.4714106193902503,6.190317460317461,1.986468421257532,6.951076492406124,4.2038490390599295
2015-03-06,19.96,21.238,6.4028,14.7808,15.423,1.8048,1.7704,7835618517.68,4.7336,1.5229,3.0,2.0,11.0,4.6539,3.4926630952380955,3.4700648220246104,6.180780158730158,1.9825052316308944,6.962727917262706,4.198274927099264
2015-03-09,20.17,21.238,5.295,14.9319,15.4266,1.8238,1.7771,7918057389.86,4.7336,1.6027,3.0,2.0,11.0,4.6539,3.506173015873016,3.4637827200498013,6.160121428571428,1.978024998855635,6.969955735922817,4.182096429715793
2015-03-10,19.93,21.238,6.563,14.7542,15.4241,1.8021,1.7771,7823841535.94,4.7336,1.6027,3.0,2.0,11.0,4.6539,3.523009126984128,3.4579612994055866,6.149993650793651,1.972619132128668,6.980970426389714,4.177374518664983
2015-03-11,20.25,21.238,4.879,14.9911,15.423,1.831,1.7771,7949462674.5,4.7336,1.6027,3.0,2.0,11.0,4.6539,3.537193253968254,3.4488022922642614,6.1246293650793655,1.9682121404796509,6.985995546232515,4.156417224599715
2015-03-12,20.48,21.238,3.7012,15.1614,15.423,1.8518,1.7784,8039752867.84,4.7336,1.6027,3.0,2.0,11.0,4.6539,3.549040476190476,3.4390565552614443,6.083305555555556,1.96396144916584,6.98809703145192,4.119344106389716
2015-03-13,20.51,21.238,3.5495,15.1836,15.423,1.8545,1.7809,8051529849.58,4.7336,1.6027,3.0,2.0,11.0,4.6539,3.56228869047619,3.426121832391341,6.032609523809524,1.9460460608909724,6.988410522867531,4.086563462918551
2015-03-16,20.7,21.238,2.599,15.3641,15.4266,1.8717,1.7852,8126117400.6,4.7336,1.629,3.0,2.0,11.0,4.6539,3.575101984126984,3.410351880475665,5.974369841269842,1.9380472275473253,6.985453864602649,4.036322613722516
2015-03-17,20.69,21.238,2.6486,15.3566,15.4241,1.8708,1.7852,8122191740.02,4.7336,1.629,3.0,2.0,11.0,4.6539,3.588013690476191,3.3944321946104745,5.91700873015873,1.9285767838496548,6.9824458850866655,3.988431946309075
2015-03-18,20.91,21.238,1.5686,15.5199,15.4266,1.8907,1.7852,8208556272.78,4.7336,1.629,3.0,2.0,11.0,4.6539,3.598560714285714,3.3798224645641244,5.849134126984127,1.9299375568413448,6.978383178849839,3.9191965701427818
2015-03-19,20.66,21.238,2.7977,15.3344,15.4266,1.8681,1.7856,8110414758.28,4.7336,1.629,3.0,2.0,11.0,4.6539,3.613741468253968,3.358902338385801,5.795853174603175,1.9206789039166725,6.97264380663977,3.875174270686502
2015-03-20,20.9,21.238,1.6172,15.5125,15.4322,1.8898,1.7858,8204630612.2,4.7336,1.629,3.0,2.0,11.0,4.6539,3.62690496031746,3.337945234521244,5.738940476190477,1.937472195131916,6.964850194838704,3.801468281058561
2015-03-23,20.89,21.2856,1.8937,15.4718,15.4371,1.8875,1.7885,8200704951.62,5.9792,0.8169,5.0,2.0,11.0,4.6539,3.639091071428571,3.3203027123576194,5.685170634920635,1.949487945367067,6.95939378378619,3.735682689553568
2015-03-24,20.87,21.2856,1.9914,15.457,15.4371,1.8857,1.7892,8192853630.46,5.9792,0.8169,5.0,2.0,11.0,4.6539,3.648698214285714,3.3084717328119564,5.633595238095237,1.9606227135626733,6.95716994709767,3.672972524532564
2015-03-25,20.69,21.3571,3.2243,15.3237,15.4371,1.8694,1.7899,8122191740.02,5.9792,0.8083,5.0,2.0,11.0,4.6539,3.660639880952381,3.296008362064612,5.583219047619047,1.940064853997156,6.956648243016993,3.643154193621891
2015-03-26,20.65,21.3571,3.4242,15.294,15.4371,1.8658,1.7915,8106489097.7,5.9792,0.8083,5.0,2.0,11.0,4.6539,3.672192857142857,3.2849140179488003,5.540647619047619,1.927988717631669,6.957106875091657,3.612658901415952
2015-03-27,20.61,21.3571,3.6249,15.2644,15.4371,1.8622,1.793,8090786455.38,5.9792,0.8083,5.0,2.0,11.0,4.6539,3.6847057539682537,3.272651502911581,5.4939317460317465,1.902152843013634,6.957357256879835,3.5917789030181124
2015-03-30,20.89,21.3333,2.1221,15.4079,15.441,1.8823,1.7944,8200704951.62,5.9785,1.0055,6.0,2.0,11.0,4.6539,3.697322817460317,3.2542568361396564,5.443393650793651,1.9065042078841816,6.951579653599973,3.536889442909469
2015-03-31,20.53,21.4047,4.2606,15.0978,15.4371,1.8466,1.7946,8059381170.74,5.978,0.9943,6.0,2.0,11.0,4.6539,3.713239484126984,3.2372770975144896,5.4103,1.890362053830093,6.950516581641473,3.5199379461699074
2015-04-01,20.61,21.4047,3.8559,15.15,15.4371,1.8538,1.7946,8090786455.38,5.978,1.0342,6.0,2.0,11.0,4.6539,3.728025595238096,3.2208016078511696,5.3739944444444445,1.875766856314936,6.948827203089265,3.4982275881295086
2015-04-02,20.64,21.4047,3.7049,15.172,15.4371,1.8565,1.7946,8102563437.12,5.978,1.0342,6.0,2.0,11.0,4.6539,3.74085753968254,3.207748481086861,5.33079126984127,1.8506571063932689,6.948606020769401,3.4801341634480014
2015-04-06,20.68,21.4047,3.5044,15.2014,15.441,1.8601,1.7956,8118266079.44,5.978,1.0342,6.0,2.0,11.0,4.6539,3.7525097222222223,3.1961581642433505,5.29216746031746,1.837435898194392,6.948667886465573,3.454731562123068
2015-04-07,20.59,21.4047,3.9568,15.1353,15.4371,1.852,1.7964,8082935134.22,5.978,1.0342,6.0,2.0,11.0,4.6539,3.764384126984127,3.185740258305058,5.267379365079365,1.834187379362187,6.950124385289184,3.433191985717178
2015-04-08,20.69,21.4047,3.4543,15.2188,15.4371,1.861,1.7973,8122191740.02,5.9778,1.02,6.0,2.0,11.0,4.6539,3.77479246031746,3.176107068422295,5.23490634920635,1.8297391108789527,6.950899528739756,3.405167238327397
2015-04-09,20.8,21.4047,2.9072,15.3009,15.4371,1.8711,1.7979,8165374006.4,5.9718,0.9922,6.0,2.0,11.0,4.6539,3.783210515873016,3.168148180578643,5.1920142857142855,1.820359346710155,6.951358696451659,3.3716549390041304
2015-04-10,20.98,21.4047,2.0243,15.4333,15.4371,1.8873,1.7979,8236035896.84,5.9718,0.9843,6.0,2.0,11.0,4.6539,3.787866468253968,3.163824019255429,5.151888888888889,1.8340778588588584,6.951690487509397,3.3178110300300308
2015-04-13,20.95,21.4047,2.1704,15.4112,15.441,1.8846,1.799,8224258915.1,5.9718,0.9843,6.0,2.0,11.0,4.6539,3.7931557539682537,3.158873482936486,5.105964285714285,1.8357246961118725,6.95202923690474,3.270239589602413
2015-04-14,20.98,21.4047,2.0243,15.4333,15.4371,1.8873,1.7992,8236035896.84,5.9718,0.9843,6.0,2.0,11.0,4.6539,3.800467658730159,3.150477721458303,5.056269047619048,1.833704745937859,6.950945380188461,3.2225643016811887
2015-04-15,20.84,21.4047,2.7097,15.3303,15.4371,1.8747,1.7993,8181076648.72,5.9718,0.9843,6.0,2.0,11.0,4.6539,3.8033668650793655,3.148796502448224,5.008920634920635,1.816443758042494,6.952163367527589,3.192476876878141
2015-04-16,20.79,21.4615,3.2299,15.2755,15.4371,1.8753,1.8,8161448345.82,5.9723,0.967,6.0,2.0,11.0,4.6539,3.809831944444445,3.144255091330077,4.968996031746031,1.7996120613245716,6.954087035774522,3.1693839704214595
2015-04-17,20.53,21.4615,4.5373,15.0856,15.4371,1.8519,1.8,8059381170.74,5.9723,0.9579,6.0,2.0,11.0,4.6539,3.81764503968254,3.1411528926818937,4.920269047619048,1.7254158361841456,6.958797932364433,3.1948532114349018
2015-04-20,20.68,21.4615,3.779,15.1958,15.4371,1.8654,1.8021,8118266079.44,5.9723,0.9579,6.0,2.0,11.0,4.6539,3.8236053571428577,3.138216678349236,4.858109523809524,1.620323208668358,6.961822035492093,3.237786315141165
2015-04-21,20.51,21.4615,4.6392,15.0709,15.4371,1.8501,1.8024,8051529849.58,5.9723,0.9579,6.0,2.0,11.0,4.6539,3.833570634920635,3.132800963227548,4.819886507936508,1.5669348111702863,6.966371598148183,3.252951696766222
2015-04-22,20.43,21.4615,5.0489,15.0121,15.4371,1.8429,1.8028,8020124564.94,5.9723,0.9579,6.0,2.0,11.0,4.6539,3.84332123015873,3.1289105909642165,4.790630158730158,1.5271555456219674,6.972231821122946,3.2634746131081904
2015-04-23,20.42,21.4615,5.1004,15.0048,15.4362,1.8419,1.8028,8016198904.36,5.9723,0.9579,6.0,2.0,11.0,4.6539,3.8567801587301584,3.1196678780197327,4.776203968253968,1.5154381927564324,6.976448036749892,3.260765775497536
2015-04-24,20.41,21.4615,5.1519,14.9974,15.4362,1.841,1.8032,8012273243.78,5.9723,0.9579,6.0,2.0,11.0,4.6539,3.872095833333333,3.106989621852727,4.762186507936508,1.503589799824827,6.979085455186061,3.2585967081116807
2015-04-27,20.25,21.4615,5.9827,14.8799,15.4371,1.8266,1.8043,7949462674.5,5.9723,0.9464,6.0,2.0,11.0,4.6539,3.8889511904761904,3.095305906586028,4.747380158730159,1.4819870977589282,6.984257097062218,3.2653930609712303
2015-04-28,20.34,21.4615,5.5138,14.946,15.4371,1.801,1.8039,7838091390.06,5.9723,0.9464,6.0,2.0,11.0,4.6539,3.9023412698412696,3.087684453080055,4.736692063492064,1.471444052601819,6.990025722921325,3.265248010890245
2015-04-29,20.25,21.7435,7.3753,14.7166,15.4362,1.8397,1.8043,7803409569.75,6.001,0.5775,6.0,2.0,11.0,4.6539,3.92053492063492,3.0810592788797213,4.747127777777778,1.4855026818228836,7.001594199514642,3.2616250959548942
2015-04-30,20.23,21.8204,7.8616,14.6456,15.4362,1.8378,1.8048,7795702498.57,6.001,0.8106,6.0,2.0,11.0,4.6539,3.9338071428571433,3.083604074594418,4.764115079365079,1.5087863682349298,7.017411217451562,3.255328711130149
2015-05-01,20.4,21.8717,7.2142,14.789,15.4362,1.8483,1.8048,7861212603.6,7.1298,0.6901,6.0,2.0,11.0,4.6539,3.944882936507936,3.085344605250357,4.7750690476190485,1.5215720339947896,7.030227541758293,3.253497013624259
2015-05-04,20.54,21.8717,6.4834,14.8905,15.4371,1.861,1.8053,7915162101.86,7.1298,0.6901,6.0,2.0,11.0,4.6539,3.953934523809524,3.086088200868084,4.77461507936508,1.5210495086260505,7.040022724677607,3.2535655707390294
2015-05-05,20.48,21.923,7.0459,14.8266,15.4371,1.8556,1.8057,7892040888.32,7.1298,0.8094,6.0,2.0,11.0,4.6539,3.965133333333333,3.0870489276314226,4.779613492063492,1.5275079453990617,7.052182260964756,3.25210554666443
2015-05-06,20.57,21.923,6.5775,14.8918,15.4362,1.8637,1.8057,7926722708.63,7.1298,0.8094,6.0,2.0,11.0,4.6539,3.976649007936508,3.0859448233695908,4.782242063492063,1.5303343985081377,7.062593831306099,3.251907664983926
2015-05-07,20.81,21.923,5.3484,15.0655,15.4362,1.8855,1.8057,8019207562.79,7.1298,0.8094,6.0,2.0,11.0,4.6539,3.9878422619047615,3.080653911023192,4.7800214285714295,1.5292996829980374,7.068496172927954,3.250721745573392
2015-05-08,20.89,21.923,4.9449,15.1234,15.4362,1.8927,1.806,8050035847.51,7.1298,0.8094,6.0,2.0,11.0,4.6539,3.9981248015873017,3.0751665811317537,4.7745984126984125,1.527478346975241,7.073291382719056,3.247120065723171
2015-05-11,20.96,21.923,4.5945,15.1741,15.4371,1.8991,1.8066,8077010596.64,7.1298,0.8094,6.0,2.0,11.0,4.6539,4.006033134920635,3.071555722285132,4.771680158730159,1.527468312209432,7.077588857205766,3.244211846520727
2015-05-12,20.84,22.0768,5.9347,15.0883,15.4371,1.8999,1.8068,8030768169.56,6.1839,0.8033,6.0,2.0,11.0,4.6539,4.017380753968254,3.0680866640332005,4.785050793650793,1.530236243342877,7.085467418001455,3.254814550307916
2015-05-13,20.83,22.0768,5.9856,15.08,15.4362,1.9247,1.8074,8026914633.97,3.8072,0.8017,6.0,2.0,11.0,4.6539,4.029713492063492,3.063468289409093,4.795791269841271,1.533900441516309,7.093181781472586,3.261890828324961
2015-05-14,21.15,22.0768,4.382,15.3117,15.4362,1.9543,1.8079,8150227772.85,3.8072,0.8017,6.0,2.0,11.0,4.6539,4.040717658730158,3.0547231854144297,4.794673809523809,1.5341521755123664,7.095440844144588,3.260521634011443
2015-05-15,21.03,22.0768,4.9777,15.2248,15.4362,1.9432,1.8084,8103985345.77,3.8072,0.8017,6.0,2.0,11.0,4.6539,4.052795634920635,3.0463417139630384,4.799584920634921,1.533736412768357,7.099137348883673,3.265848507866564
2015-05-18,21.41,22.0768,3.1144,15.4999,15.441,1.9783,1.8122,8250419698.19,3.8072,0.8017,6.0,2.0,11.0,4.6539,4.057430952380952,3.04312486322776,4.792296031746032,1.5395807688279566,7.100555815608712,3.252715262918075
2015-05-19,21.6,22.0768,2.2074,15.6374,15.4449,1.9959,1.8149,8323636874.4,3.8072,0.8017,6.0,2.0,11.0,4.6539,4.060826388888889,3.0400965308386194,4.773485714285714,1.556610640576198,7.100922919727508,3.216875073709516
2015-05-20,21.59,22.0768,2.2547,15.6302,15.445,1.9949,1.8159,8319783338.81,3.8072,0.8017,6.0,2.0,11.0,4.6539,4.063755952380952,3.0376373804706747,4.749363492063492,1.5719529533727354,7.101393332851627,3.1774105386907565
2015-05-21,21.65,22.0768,1.9714,15.6736,15.4454,2.0005,1.8169,8342904552.35,3.8072,0.8017,6.0,2.0,11.0,4.6539,4.063507341269841,3.03780381436951,4.723872222222222,1.5907895292913454,7.101311155639351,3.1330826929308766
2015-05-22,21.5,22.0768,2.6828,15.565,15.4467,1.9866,1.8172,8285101518.5,3.8072,0.8017,6.0,2.0,11.0,4.6539,4.062631349206349,3.038138823815098,4.707965079365079,1.6011474803938437,7.100770173021447,3.106817598971235
2015-05-26,21.36,22.0768,3.3558,15.4637,15.4536,2.012,1.8183,8231152020.24,3.8072,0.8017,6.0,2.0,11.0,4.6539,4.06437757936508,3.0374777458761724,4.696090476190476,1.6056126414765586,7.101855325241252,3.090477834713917
2015-05-27,21.34,22.0768,3.4527,15.4492,15.4534,2.0101,1.8185,8223444949.06,3.8072,0.8017,6.0,2.0,11.0,4.6539,4.065616071428571,3.037100062281393,4.681915873015873,1.608664721434144,7.102716133709964,3.073251151581729
2015-05-28,21.41,22.0768,3.1144,15.4999,15.4539,2.0167,1.8188,8250419698.19,3.8072,0.8017,6.0,2.0,11.0,4.6539,4.064054563492063,3.0373869631699315,4.672903174603174,1.6142753002355588,7.101441526661995,3.058627874367616
2015-05-29,21.3,22.0768,3.6469,15.4203,15.4539,2.0064,1.8189,8208030806.7,3.8072,0.8017,6.0,2.0,11.0,4.6539,4.0629501984126986,3.037437348156496,4.663775396825396,1.616817559909158,7.100387546569194,3.046957836916238
2015-06-01,21.35,22.0768,3.4042,15.4565,15.4568,2.0111,1.8193,8227298484.65,3.8072,0.8017,6.0,2.0,11.0,4.6539,4.063505555555556,3.0372909711694502,4.652284920634921,1.6206093755657334,7.100796526725006,3.031675545069188
2015-06-02,21.54,22.0768,2.4921,15.594,15.457,2.029,1.8198,8300515660.86,3.8072,0.8017,6.0,2.0,11.0,4.6539,4.058535317460318,3.0378097482533457,4.636168253968254,1.6319650681386813,7.096345065713663,3.004203185829573
2015-06-03,21.74,22.0768,1.5492,15.7388,15.4571,2.0478,1.8203,8377586372.66,3.8072,0.8017,6.0,2.0,11.0,4.6539,4.052786904761905,3.0398148447046047,4.607765873015873,1.654326877599103,7.0926017494665095,2.9534389954167697
2015-06-04,21.4,22.0768,3.1626,15.4927,15.4584,2.0158,1.8219,8246566162.6,3.8072,0.8017,6.0,2.0,11.0,4.6539,4.0506013888888885,3.0400585756327527,4.597680952380952,1.6592647248570829,7.090659964521642,2.938416227523869
2015-06-05,21.41,22.0768,3.1144,15.4999,15.4606,2.0167,1.8219,8250419698.19,3.8072,0.8017,6.0,2.0,11.0,4.6539,4.045391071428572,3.0394069577813108,4.593638095238095,1.6622744592569267,7.084798029209883,2.9313636359811683
2015-06-08,21.25,22.0768,3.8908,15.3841,15.4615,2.0017,1.8229,8188763128.75,3.8238,0.8017,6.0,2.0,11.0,4.6539,4.045130555555556,3.0394145851228,4.599143650793652,1.6587571028213053,7.084545140678356,2.9403865479723463
2015-06-09,21.33,22.0768,3.5012,15.442,15.4615,2.0092,1.823,8219591413.47,3.8238,0.8017,6.0,2.0,11.0,4.6539,4.04611369047619,3.039157827332158,4.598013492063492,1.6594617113441554,7.085271517808348,2.9385517807193366
2015-06-10,21.62,22.0768,2.1129,15.6519,15.4626,2.0365,1.8232,8331343945.58,3.8238,0.8017,6.0,2.0,11.0,4.6539,4.044576785714286,3.039940661245427,4.585015873015873,1.6725143698476248,7.084517446959713,2.912501503168248
2015-06-11,21.88,22.0768,0.8995,15.8402,15.4639,2.061,1.8238,8431535870.92,3.8238,0.8017,6.0,2.0,11.0,4.6539,4.0381414682539685,3.043163409099092,4.550939682539683,1.703478772586693,7.081304877353061,2.84746090995299
2015-06-12,21.88,22.0768,0.8995,15.8402,15.4659,2.061,1.8239,8431535870.92,3.8238,0.8017,6.0,2.0,11.0,4.6539,4.030983134920635,3.046299267917527,4.513843650793652,1.7316899910781185,7.077282402838161,2.782153659715533
2015-06-15,21.83,22.0768,1.1306,15.804,15.472,2.0563,1.8251,8412268192.97,3.8238,0.8017,6.0,2.0,11.0,4.6539,4.0262,3.0489610832343192,4.479446825396826,1.7555332005378346,7.07516108323432,2.7239136248589912
2015-06-16,22.2,22.0768,-0.555,16.0718,15.4721,2.0912,1.8256,8554849009.8,3.8238,0.8017,6.0,2.0,11.0,4.6539,4.016517857142857,3.055751452048782,4.426016666666667,1.8051940366732808,7.072269309191638,2.6208226299933868
2015-06-17,22.1,22.0768,-0.105,15.9994,15.4742,2.0817,1.8259,8516313653.9,3.8238,0.8017,6.0,2.0,11.0,4.6539,4.010463095238095,3.060894575403828,4.373521428571429,1.839963239137652,7.071357670641923,2.5335581894337773
2015-06-18,22.35,22.0768,-1.2224,16.1804,15.4782,2.1053,1.8263,8612652043.65,3.8238,0.8017,6.0,2.0,11.0,4.6539,4.003936111111111,3.068544361007769,4.312157936507937,1.8962299423585969,7.07248047211888,2.41592799414934
2015-06-19,22.24,22.0768,-0.7338,16.1008,15.481,2.0949,1.8265,8570263152.16,3.8238,0.8017,6.0,2.0,11.0,4.6539,3.992809126984127,3.075542113980345,4.262964285714285,1.9458461319423663,7.068351240964472,2.317118153771919
2015-06-22,22.39,22.1281,-1.1697,16.2094,15.4859,2.109,1.828,8628066186.01,4.2449,0.6521,7.0,2.0,11.0,4.6539,3.9786023809523807,3.082824714180805,4.220554761904761,2.005131288294592,7.061427095133186,2.21542347361017
2015-06-23,22.44,22.1281,-1.3899,16.2456,15.4868,2.1138,1.8289,8647333863.96,4.2449,0.6521,7.0,2.0,11.0,4.6539,3.962202976190476,3.0893613928315062,4.176397619047619,2.0664912869293866,7.051564369021982,2.1099063321182325
2015-06-24,22.33,22.1281,-0.9042,16.1659,15.4923,2.1034,1.8289,8604944972.47,4.2449,0.6521,7.0,2.0,11.0,4.6539,3.946133134920635,3.0935738299104023,4.137357936507937,2.1154528631896525,7.039706964831037,2.021905073318284
2015-06-25,22.33,22.1281,-0.9042,16.1659,15.4923,2.1034,1.8304,8604944972.47,4.2449,0.6521,7.0,2.0,11.0,4.6539,3.929808531746032,3.0974226460938903,4.109922222222222,2.1581546287101427,7.027231177839923,1.9517675935120795
2015-06-26,22.48,22.1281,-1.5654,16.2745,15.4927,2.1175,1.831,8662748006.32,4.2449,0.6521,7.0,2.0,11.0,4.6539,3.915312896825396,3.1060157043643,4.073957142857143,2.2143931496076674,7.021328601189696,1.859563993249476
2015-06-29,22.13,22.2051,0.3394,16.0211,15.4999,2.0846,1.8315,8527874260.67,4.2449,0.646,7.0,2.0,11.0,4.6539,3.907405357142857,3.1100416907945228,4.049800793650793,2.2384606074890305,7.01744704793738,1.8113401861617628
2015-06-30,22.32,22.2051,-0.5148,16.1587,15.4999,2.1025,1.8317,8601091436.88,4.2449,0.646,7.0,2.0,11.0,4.6539,3.897319841269841,3.116130224261448,4.021349206349206,2.273520630344084,7.0134500655312895,1.747828576005122
2015-07-01,22.87,22.2051,-2.9073,16.5557,15.4999,2.1543,1.8319,8813035894.33,4.2449,0.6458,7.0,2.0,11.0,4.6539,3.8847621031746034,3.1307688201686443,3.975967460317461,2.3535390545417973,7.015530923343247,1.622428405775663
2015-07-02,22.79,22.2051,-2.5665,16.5145,15.4999,2.1467,1.8326,8782207609.61,4.2449,0.5424,7.0,2.0,11.0,4.6539,3.870120436507937,3.143648694620273,3.926249206349208,2.4245550762397965,7.0137691311282095,1.50169413010941
2015-07-06,23.1,22.2051,-3.874,16.7391,15.5005,2.1759,1.835,8901667212.9,4.2449,0.5424,7.0,2.0,11.0,4.6539,3.85312757936508,3.162297824523686,3.857713492063492,2.520893204159453,7.015425403888766,1.3368202879040392
2015-07-07,23.17,22.2051,-4.1644,16.7899,15.5007,2.1825,1.8369,8928641962.03,4.2449,0.5424,7.0,2.0,11.0,4.6539,3.837838492063492,3.18237249951547,3.7817246031746032,2.616225289463935,7.020210991578962,1.1654993137106682
2015-07-08,23.0,22.2051,-3.4561,16.6667,15.5014,2.1665,1.8374,8863131857.0,4.2449,0.5424,7.0,2.0,11.0,4.6539,3.824782142857143,3.198762289388561,3.71308015873016,2.6912892830024773,7.023544432245704,1.0217908757276812
2015-07-09,22.87,22.3076,-2.4591,16.6194,15.5021,2.1482,1.8388,8813035894.33,4.2384,-0.0566,8.0,2.0,11.0,4.6539,3.814758134920635,3.210524311926067,3.657475396825397,2.745746370419281,7.025282446846703,0.9117290264061152
2015-07-10,23.13,22.3333,-3.4444,16.8084,15.5028,2.1727,1.8404,8913227819.67,4.2384,-0.0566,8.0,2.0,11.0,4.6539,3.804167857142857,3.22564329553937,3.6082412698412702,2.8166853189172545,7.029811152682227,0.7915559509240158
2015-07-13,22.97,22.3333,-2.7719,16.6909,15.5052,2.1581,1.8412,8851571250.23,4.2388,-0.0649,8.0,2.0,11.0,4.6539,3.797184722222222,3.236066367271272,3.556892857142857,2.873437593021536,7.033251089493493,0.6834552641213212
2015-07-14,23.02,22.3333,-2.9831,16.7272,15.5055,2.1628,1.8412,8870838928.18,4.2388,-0.0623,8.0,2.0,11.0,4.6539,3.7915642857142857,3.2453827296243025,3.501353968253968,2.93155743201885,7.036947015338589,0.5697965362351178
2015-07-15,23.0,22.3333,-2.8987,16.6884,15.5072,2.1609,1.8416,8863131857.0,4.2388,-0.0745,8.0,2.0,11.0,4.6539,3.788617658730159,3.250787817954499,3.4392936507936507,2.983573582340512,7.039405476684658,0.455720068453139
2015-07-16,23.13,22.3333,-3.4444,16.7828,15.5102,2.1731,1.8424,8913227819.67,4.2388,-0.0745,8.0,2.0,11.0,4.6539,3.782632341269841,3.2613264612431414,3.3690849206349203,3.0405607933556644,7.043958802512982,0.3285241272792558
2015-07-17,23.1,22.4871,-2.6532,16.7841,15.5118,2.1703,1.8434,8901667212.9,4.2388,-0.2302,8.0,2.0,11.0,4.6539,3.7803878968253968,3.2653711040719946,3.308550793650794,3.083966760618571,7.045759000897391,0.2245840330322228
2015-07-20,23.2,22.4871,-3.0728,16.8568,15.5184,2.1797,1.8459,8940202568.8,4.2388,-0.2302,8.0,2.0,11.0,4.6539,3.779224404761905,3.2677121088768675,3.2454174603174604,3.132538976717375,7.046936513638772,0.1128784836000855
2015-07-21,23.27,22.4871,-3.3644,16.9077,15.5184,2.1862,1.8459,8967177317.93,4.2388,-0.2302,8.0,2.0,11.0,4.6539,3.778425198412698,3.269412850476164,3.172742857142857,3.178850259711743,7.0478380488888615,-0.0061074025688858
2015-07-22,23.52,22.4871,-4.3916,17.0893,15.5185,2.2097,1.8462,9063515707.68,4.2388,-0.2302,8.0,2.0,11.0,4.6539,3.776418253968254,3.2741229451904608,3.089579365079365,3.238507153497061,7.050541199158715,-0.1489277884176965
2015-07-23,23.36,22.4871,-3.7367,16.973,15.5199,2.1947,1.8468,9001859138.24,4.2388,-0.2302,8.0,2.0,11.0,4.6539,3.7700722222222223,3.28558210341976,3.022283333333333,3.291548039953367,7.055654325641982,-0.2692647066200337
2015-07-24,23.42,22.4871,-3.9833,17.0166,15.5208,2.2003,1.8474,9024980351.78,4.2388,-0.2302,8.0,2.0,11.0,4.6539,3.762467261904762,3.299082816619496,2.9492515873015868,3.3440908790937955,7.061550078524258,-0.3948392917922088
2015-07-27,23.36,22.4871,-3.7367,16.973,15.5265,2.1947,1.8483,9001859138.24,4.2388,-0.2302,8.0,2.0,11.0,4.6539,3.7568849206349206,3.309391385057636,2.8827904761904763,3.3931266142349346,7.066276305692557,-0.5103361380444582
2015-07-28,23.28,22.4871,-3.4059,16.9149,15.5273,2.1872,1.8484,8971030853.52,4.2388,-0.2302,8.0,2.0,11.0,4.6539,3.748734523809524,3.32196466292286,2.820619841269841,3.4360881307678994,7.070699186732384,-0.6154682894980583
2015-07-29,23.43,22.4871,-4.0243,17.0239,15.5281,2.1573,1.8486,8848495286.07,4.2388,-0.2302,8.0,2.0,11.0,4.6539,3.738695634920635,3.3377881941380134,2.7451484126984123,3.481233678355753,7.076483829058649,-0.7360852656573407
2015-07-30,24.02,23.9486,-0.2973,17.5328,15.5286,2.3016,1.8486,9071312708.98,2.1598,-0.5789,9.0,2.0,11.0,4.6539,3.735385515873016,3.340966652305512,2.696278571428571,3.480373419519522,7.076352168178527,-0.7840948480909509
2015-07-31,23.79,23.9486,0.6667,17.365,15.5293,2.3026,1.8488,8984451679.71,2.1916,-0.5341,9.0,2.0,11.0,4.6539,3.7339880952380953,3.3421046654359343,2.639404761904762,3.454217903719743,7.07609276067403,-0.8148131418149811
2015-08-03,24.02,23.9486,-0.2973,17.5328,15.5317,2.3249,1.8492,9071312708.98,2.1916,-0.5341,9.0,2.0,11.0,4.6539,3.731454563492064,3.3446798154103177,2.587965873015873,3.449265840011017,7.076134378902381,-0.8612999669951442
2015-08-04,24.0,23.9486,-0.2142,17.5182,15.5323,2.323,1.8496,9063759576.0,2.1916,-0.5341,9.0,2.0,11.0,4.6539,3.7288646825396814,3.3472327730352545,2.5477896825396824,3.452211295731125,7.076097455574937,-0.9044216131914428
2015-08-05,24.07,23.9486,-0.5044,17.5693,15.5323,2.3297,1.8498,9090195541.43,2.1916,-0.5341,9.0,2.0,11.0,4.6539,3.7249206349206334,3.3510527998832,2.5077,3.4581350680158343,7.075973434803835,-0.9504350680158344
2015-08-06,23.92,23.9486,0.1196,17.4599,15.5326,2.3152,1.8499,9033547044.08,2.1916,-0.5341,9.0,2.0,11.0,4.6539,3.721092261904762,3.354071936608374,2.480798412698413,3.463461970133112,7.075164198513136,-0.9826635574346994
2015-08-07,24.04,24.1794,0.5799,17.5474,15.5337,2.3268,1.85,9078865841.96,2.1916,-0.539,9.0,2.0,11.0,4.6539,3.717383333333333,3.3565138355310267,2.451388888888889,3.463747784518445,7.07389716886436,-1.0123588956295562
2015-08-10,24.25,24.1794,-0.2911,17.7007,15.5355,2.3472,1.8514,9158173738.25,2.1916,-0.539,9.0,2.0,11.0,4.6539,3.711605357142857,3.360908525167515,2.411742857142857,3.4663423701517795,7.072513882310372,-1.0545995130089223
2015-08-11,24.28,24.1794,-0.4143,17.7226,15.5364,2.3501,1.8518,9169503437.72,2.1916,-0.539,9.0,2.0,11.0,4.6539,3.708410912698413,3.364068216583142,2.378969841269841,3.47343475411358,7.072479129281556,-1.0944649128437385
2015-08-12,24.11,24.1794,0.2878,17.5985,15.5371,2.3336,1.8518,9105301807.39,2.1916,-0.539,9.0,2.0,11.0,4.6539,3.705034722222222,3.36664972702208,2.3373658730158726,3.466779672449192,7.071684449244302,-1.1294137994333189
2015-08-13,24.3,24.1794,-0.4963,17.7372,15.5386,2.352,1.8519,9177056570.7,2.1916,-0.539,9.0,2.0,11.0,4.6539,3.701230158730159,3.37031722127914,2.2783587301587307,3.451074912829924,7.0715473800092985,-1.1727161826711932
2015-08-14,24.48,24.1794,-1.2279,17.8686,15.541,2.3694,1.852,9245034767.52,2.1916,-0.539,9.0,2.0,11.0,4.6539,3.697199801587301,3.3750007490375182,2.218642857142857,3.4460881483893395,7.072200550624819,-1.2274452912464824
2015-08-17,24.61,24.1794,-1.7497,17.9635,15.5516,2.382,1.8529,9294130131.89,2.1916,-0.539,9.0,2.0,11.0,4.6539,3.690571428571429,3.3824178226903743,2.145824603174604,3.432095279719189,7.072989251261802,-1.2862706765445862
2015-08-18,24.63,24.1794,-1.8295,17.9781,15.5534,2.3839,1.8529,9301683264.87,2.1916,-0.539,9.0,2.0,11.0,4.6539,3.682539880952381,3.39071612965539,2.083019841269841,3.431859577314328,7.073256010607771,-1.3488397360444866
2015-08-19,24.47,24.1794,-1.1876,17.8613,15.5549,2.3684,1.8533,9241258201.03,2.1916,-0.539,9.0,2.0,11.0,4.6539,3.6749815476190473,3.397324729332984,2.026569047619047,3.4266492115410925,7.07230627695203,-1.4000801639220453
2015-08-20,24.02,24.1794,0.6636,17.5328,15.559,2.3249,1.8537,9071312708.98,2.1916,-0.539,9.0,2.0,11.0,4.6539,3.672010317460317,3.3993056349457493,1.9831301587301589,3.4087718754830285,7.071315952406067,-1.4256417167528697
2015-08-21,23.5,24.1794,2.8911,17.1533,15.559,2.2746,1.8539,8874931251.5,2.1916,-0.539,9.0,2.0,11.0,4.6539,3.671274206349207,3.399434743576383,1.9505801587301588,3.380016378611809,7.0707089499255895,-1.42943621988165
2015-08-24,22.39,24.1794,7.992,16.3431,15.5621,2.1671,1.8547,8455732371.11,2.1916,-0.539,9.0,2.0,11.0,4.6539,3.6837494047619046,3.4037369214872264,1.9567984126984128,3.3904713543692373,7.087486326249131,-1.4336729416708247
2015-08-25,22.24,24.1794,8.7203,16.2336,15.5636,2.1526,1.8549,8399083873.76,2.1916,-0.539,9.0,2.0,11.0,4.6539,3.696763690476191,3.4104365047211385,1.9605571428571429,3.397754920189136,7.107200195197329,-1.4371977773319933
2015-08-26,22.41,24.1794,7.8956,16.3577,15.565,2.1691,1.8552,8463285504.09,2.1916,-0.539,9.0,2.0,11.0,4.6539,3.70734246031746,3.41518135976729,1.95820873015873,3.393513462051401,7.122523820084751,-1.435304731892671
2015-08-27,22.66,24.1794,6.7052,16.5401,15.5653,2.1933,1.856,8557699666.34,2.1916,-0.539,9.0,2.0,11.0,4.6539,3.714869047619048,3.4176038138996554,1.950330952380952,3.38121268284549,7.132472861518703,-1.4308817304645378
2015-08-28,22.72,24.1794,6.4234,16.5839,15.5659,2.1991,1.8568,8580359065.28,2.1916,-0.539,9.0,2.0,11.0,4.6539,3.722182142857143,3.4194514611306115,1.947096031746032,3.376697793558825,7.141633603987755,-1.4296017618127932
2015-08-31,22.76,24.1794,6.2364,16.6131,15.5727,2.2029,1.8582,8595465331.24,2.1916,-0.539,9.0,2.0,11.0,4.6539,3.730268055555556,3.420570870081159,1.9402388888888888,3.367012516519128,7.150838925636714,-1.4267736276302383
2015-09-01,22.53,24.1794,7.3209,16.4465,15.5727,2.1807,1.8589,8508604301.97,2.1916,-0.5363,9.0,2.0,11.0,4.6539,3.739935515873016,3.423824857834532,1.9398404761904764,3.3663676595210874,7.163760373707548,-1.426527183330611
2015-09-02,22.85,24.1794,5.8179,16.68,15.5727,2.2116,1.8589,8629454429.65,2.1916,-0.5363,9.0,2.0,11.0,4.6539,3.747077380952381,3.4243988363770765,1.9356214285714288,3.3611258924262355,7.171476217329458,-1.425504463854807
2015-09-03,22.98,24.1794,5.2193,16.7749,15.5834,2.2242,1.8595,8678549794.02,2.1916,-0.5363,9.0,2.0,11.0,4.6539,3.752460515873016,3.424576790397382,1.9262285714285712,3.3501780874661065,7.177037306270398,-1.4239495160375353
2015-09-04,22.78,24.1794,6.1431,16.629,15.5896,2.2049,1.8602,8603018464.22,2.1916,-0.5363,9.0,2.0,11.0,4.6539,3.759160912698413,3.4259464592010134,1.932959523809524,3.357843745505363,7.185107371899425,-1.4248842216958393
2015-09-08,23.22,24.1794,4.1318,16.9501,15.5928,2.2475,1.861,8769187389.78,2.1916,-0.5363,9.0,2.0,11.0,4.6539,3.762100396825396,3.4256287114611523,1.9136642857142856,3.337951517262526,7.187729108286549,-1.4242872315482404
2015-09-09,23.1,24.1794,4.6727,16.8625,15.5934,2.2358,1.861,8723868591.9,2.1916,-0.5363,9.0,2.0,11.0,4.6539,3.7673666666666654,3.4249830294191272,1.912026984126984,3.336535647462341,7.1923496960857936,-1.424508663335357
2015-09-10,23.2,24.1794,4.2216,16.9355,15.5952,2.2455,1.8622,8761634256.8,2.1916,-0.5363,9.0,2.0,11.0,4.6539,3.7720771825396815,3.4239697580775585,1.916157142857143,3.339089221867168,7.196046940617241,-1.4229320790100244
2015-09-11,23.25,24.1794,3.9974,16.972,15.598,2.2504,1.8622,8780517089.25,2.1916,-0.5363,9.0,2.0,11.0,4.6539,3.7769057539682542,3.422565071773416,1.919711904761905,3.3410797951707254,7.1994708257416695,-1.4213678904088205
2015-09-14,23.27,24.1794,3.908,16.9866,15.6043,2.2523,1.8637,8788070222.23,2.1916,-0.5363,9.0,2.0,11.0,4.6539,3.778131746031746,3.4225010150467488,1.9301007936507928,3.345241435699414,7.200632761078495,-1.4151406420486206
2015-09-15,23.41,24.1794,3.2866,17.0888,15.609,2.2659,1.8646,8840942153.09,2.1916,-0.5363,9.0,2.0,11.0,4.6539,3.7783567460317458,3.4224648942712164,1.9351642857142848,3.346820164119249,7.200821640302962,-1.4116558784049635
2015-09-16,23.47,24.1794,3.0226,17.1326,15.6096,2.2717,1.8654,8863601552.03,2.1916,-0.5363,9.0,2.0,11.0,4.6539,3.779095436507936,3.4222611069545588,1.946703968253968,3.3480525918547097,7.201356543462495,-1.4013486236007415
2015-09-17,23.47,24.1794,3.0226,17.1326,15.6113,2.2717,1.8658,8863601552.03,2.1916,-0.5363,9.0,2.0,11.0,4.6539,3.781200992063493,3.4214669024486524,1.948488888888889,3.3485698156969144,7.202667894512144,-1.4000809268080254
2015-09-18,22.91,24.2618,5.9005,16.7373,15.6132,2.2069,1.8681,8652113828.59,2.3183,-0.721,10.0,2.0,11.0,4.6539,3.790810912698413,3.420602224234965,1.9824833333333327,3.36687155373069,7.211413136933378,-1.3843882203973563
2015-09-21,23.29,24.2618,4.1726,17.0149,15.6152,2.2435,1.8695,8795623355.21,2.3183,-0.721,10.0,2.0,11.0,4.6539,3.796769841269841,3.4186417070462523,2.0005698412698414,3.3725071013778583,7.215411548316093,-1.3719372601080169
2015-09-22,23.2,24.2618,4.5767,16.9492,15.6159,2.2348,1.8702,8761634256.8,2.3183,-0.721,10.0,2.0,11.0,4.6539,3.803753174603176,3.4166283868787315,2.0210880952380954,3.380306300053007,7.220381561481906,-1.3592182048149115
2015-09-23,23.24,24.2618,4.3967,16.9784,15.6166,2.2387,1.8708,8776740522.76,2.3183,-0.721,10.0,2.0,11.0,4.6539,3.809261706349208,3.415339062056487,2.030392857142857,3.3852547784811526,7.224600768405693,-1.3548619213382955
2015-09-24,23.75,24.2618,2.1549,17.3624,15.6173,2.2878,1.8708,8969345413.75,2.3183,-0.7206,10.0,2.0,11.0,4.6539,3.809871626984127,3.415015461603426,2.020319047619048,3.3829617277106747,7.224887088587553,-1.3626426800916271
2015-09-25,24.14,24.2618,0.5046,17.6475,15.6213,2.3254,1.871,9116631506.86,2.3183,-0.7206,10.0,2.0,11.0,4.6539,3.808329761904762,3.416334363735199,1.9955547619047616,3.382542485873319,7.224664125639961,-1.386987723968557
2015-09-28,24.18,24.2618,0.3383,17.6767,15.6282,2.3292,1.8713,9131737772.82,2.3183,-0.7206,10.0,2.0,11.0,4.6539,3.807125595238096,3.417452321967635,1.981397619047619,3.3857400192328995,7.22457791720573,-1.4043424001852804
2015-09-29,24.42,24.2618,-0.6478,17.8522,15.6284,2.3444,1.8713,9222375368.58,2.6017,-0.7238,10.0,2.0,11.0,4.6539,3.803853968253968,3.420931451933963,1.942442063492064,3.387543230020455,7.224785420187931,-1.4451011665283915
2015-09-30,24.49,24.2618,-0.9318,17.9034,15.6287,2.3511,1.8715,9248811334.01,2.6017,-0.7258,10.0,2.0,11.0,4.6539,3.7999077380952384,3.4252507063558384,1.9044444444444448,3.3927560087589264,7.225158444451077,-1.4883115643144815
2015-10-01,24.46,24.2618,-0.8103,17.8814,15.6302,2.3482,1.8721,9237481634.54,2.6017,-0.7258,10.0,2.0,11.0,4.6539,3.799051388888889,3.426351255281704,1.868609523809524,3.397429101221906,7.225402644170593,-1.528819577412382
2015-10-02,24.78,24.2618,-2.0912,18.122,15.6309,2.3789,1.8736,9358331762.22,2.6017,-0.7495,10.0,2.0,11.0,4.6539,3.796406746031746,3.430387882639779,1.8242,3.412414213169456,7.226794628671525,-1.588214213169456
2015-10-05,24.99,24.3333,-2.6279,18.2756,15.6321,2.3991,1.8754,9437639658.51,2.6017,-0.7504,10.0,2.0,11.0,4.6539,3.7907488095238095,3.438634011830069,1.7719404761904762,3.42986931954404,7.229382821353878,-1.657928843353563
2015-10-06,24.83,24.3333,-2.0004,18.1585,15.6322,2.3837,1.8756,9377214594.67,2.6017,-0.752,10.0,2.0,11.0,4.6539,3.7871912698412697,3.443702402505321,1.7286492063492065,3.442864530422347,7.230893672346591,-1.7142153240731408
2015-10-07,25.29,24.3333,-3.7829,18.495,15.6322,2.4279,1.8761,9550936653.21,2.6017,-0.752,10.0,2.0,11.0,4.6539,3.780097023809524,3.4556101658924474,1.6755531746031749,3.475971802847481,7.235707189701971,-1.8004186282443062
2015-10-08,25.44,24.3333,-4.3502,18.6047,15.6322,2.4423,1.8771,9607585150.56,2.6017,-0.7528,10.0,2.0,11.0,4.6539,3.772093055555556,3.469759826496618,1.6249619047619046,3.517002223140905,7.241852882052173,-1.8920403183790004
2015-10-09,25.21,24.3333,-3.4776,18.4364,15.6335,2.4202,1.88,9520724121.29,2.6017,-1.1639,11.0,3.0,5.5978,4.6539,3.763639880952381,3.4822242409344843,1.5801365079365075,3.545869192321882,7.245864121886866,-1.9657326843853744
2015-10-12,25.38,24.3333,-4.1241,18.5608,15.6371,2.4365,1.8828,9584925751.62,2.6017,-1.1665,11.0,3.0,5.5978,4.6539,3.758744444444445,3.491581378378246,1.5313396825396826,3.5818314328418124,7.25032582282269,-2.05049175030213
2015-10-13,25.44,24.3333,-4.3502,18.6047,15.6372,2.4423,1.8831,9607585150.56,2.6017,-1.1665,11.0,3.0,5.5978,4.6539,3.754132341269841,3.5007605376821176,1.4753087301587302,3.618284626438903,7.254892878951958,-2.1429758962801726
2015-10-14,25.2,24.3333,-3.4393,18.4291,15.6374,2.4192,1.8833,9516947554.8,2.6017,-1.1665,11.0,3.0,5.5978,4.6539,3.751743452380953,3.5052637036553573,1.4223785714285713,3.6411204224768623,7.25700715603631,-2.218741851048291
2015-10-15,25.59,24.4523,-4.4459,18.7143,15.6379,2.4567,1.884,9664233647.91,2.6017,-1.3865,11.0,3.0,5.5978,4.6539,3.745072023809524,3.517662557520187,1.3510833333333334,3.6674931382350175,7.262734581329711,-2.316409804901685
2015-10-16,25.75,24.4523,-5.0396,18.8314,15.642,2.472,1.8848,9724658711.75,2.6017,-1.3865,11.0,3.0,5.5978,4.6539,3.740139484126984,3.528239305126984,1.2810944444444443,3.704745162611032,7.268378789253968,-2.423650718166587
2015-10-19,25.83,24.4523,-5.3337,18.8899,15.6477,2.4797,1.8851,9754871243.67,2.6017,-1.3865,11.0,3.0,5.5978,4.6539,3.7357458333333335,3.5381630390580687,1.2019444444444445,3.7388034102597376,7.273908872391402,-2.536858965815293
2015-10-20,25.87,24.4523,-5.4801,18.9191,15.6519,2.4836,1.8853,9769977509.63,2.6017,-1.3865,11.0,3.0,5.5978,4.6539,3.7302928571428575,3.550247749161442,1.1183809523809525,3.769670732012976,7.2805406063042994,-2.651289779632024
2015-10-21,25.78,24.4523,-5.1501,18.8533,15.6532,2.4749,1.8855,9735988411.22,2.6017,-1.3865,11.0,3.0,5.5978,4.6539,3.725494642857143,3.560617769554287,1.037027777777778,3.7935794659006654,7.2861124124114305,-2.756551688122889
2015-10-22,25.88,24.4523,-5.5166,18.9264,15.6555,2.4845,1.8857,9773754076.12,2.6017,-1.3865,11.0,3.0,5.5978,4.6539,3.721981746031746,3.568867709581435,0.9523571428571428,3.819968796195794,7.290849455613181,-2.867611653338651
2015-10-23,25.84,24.4523,-5.3704,18.8972,15.657,2.4807,1.8865,9758647810.16,2.6017,-1.3865,11.0,3.0,5.5978,4.6539,3.717757936507936,3.5783726761865244,0.8622531746031745,3.834235412442853,7.29613061269446,-2.9719822378396787
2015-10-26,25.86,24.4523,-5.4435,18.9118,15.6616,2.4826,1.8871,9766200943.14,2.6017,-1.3865,11.0,3.0,5.5978,4.6539,3.714190674603175,3.586614431999798,0.7752904761904762,3.85210893782478,7.300805106602972,-3.0768184616343035
2015-10-27,25.83,24.4523,-5.3337,18.8899,15.6623,2.4797,1.8872,9754871243.67,2.6017,-1.3865,11.0,3.0,5.5978,4.6539,3.71084126984127,3.5942811611573102,0.6744253968253967,3.84428995081157,7.30512243099858,-3.169864553986174
2015-10-28,25.88,24.4523,-5.5166,18.9264,15.6632,2.4673,1.8872,9705924045.4,2.6017,-1.3865,11.0,3.0,5.5978,4.6539,3.706632738095238,3.6038475582853606,0.5682492063492063,3.828914753415171,7.310480296380598,-3.2606655470659645
2015-10-29,25.88,25.3571,-2.0205,18.8506,15.6642,2.4089,1.8873,9705924045.4,2.1995,-0.8978,12.0,3.0,5.5978,4.6539,3.706801388888889,3.603577003420413,0.4949579365079364,3.7888569898872544,7.310378392309301,-3.293899053379318
2015-10-30,24.96,25.5237,2.2584,18.267,15.6667,2.3233,1.8873,9360891196.8,2.1995,-1.0599,12.0,3.0,5.5978,4.6539,3.714103373015873,3.5968865908233654,0.4614261904761904,3.7539699297290015,7.310989963839239,-3.292543739252812
2015-11-02,25.0,25.5952,2.3808,18.2896,15.674,2.327,1.8885,9375892625.0,2.1995,-1.0102,12.0,3.0,5.5978,4.6539,3.721850595238095,3.5897803831992148,0.4244015873015873,3.711271756322685,7.31163097843731,-3.286870169021097
2015-11-03,24.87,25.5952,2.916,18.1945,15.6744,2.3149,1.889,9327137983.35,2.1995,-1.0102,12.0,3.0,5.5978,4.6539,3.729156547619048,3.5843710513719382,0.3953420634920634,3.6768826984685705,7.313527598990986,-3.281540634976507
2015-11-04,24.8,25.5952,3.2065,18.1432,15.6752,2.3084,1.8894,9300885484.0,2.1995,-1.0102,12.0,3.0,5.5978,4.6539,3.736834126984127,3.57908478333055,0.3783428571428571,3.658706561295888,7.315918910314677,-3.280363704153031
2015-11-05,24.84,25.5952,3.0403,18.1965,15.678,2.3121,1.8897,9315886912.2,2.1995,-1.0728,12.0,3.0,5.5978,4.6539,3.743976785714286,3.574082091705109,0.363226984126984,3.643592177737108,7.3180588774193955,-3.280365193610124
2015-11-06,24.84,25.5952,3.0403,18.1965,15.6818,2.3121,1.8898,9315886912.2,2.1995,-1.0728,12.0,3.0,5.5978,4.6539,3.753353373015873,3.5659994844433305,0.3508920634920635,3.631764719661437,7.319352857459203,-3.280872656169373
2015-11-09,24.7,25.5952,3.6243,18.0939,15.6842,2.3025,1.8914,9263381913.5,2.1995,-1.0728,12.0,3.0,5.5978,4.6539,3.762676587301588,3.5594884622107794,0.3325555555555555,3.60910880539918,7.322165049512368,-3.2765532498436247
2015-11-10,24.82,25.4444,2.5157,18.1459,15.6842,2.3244,1.8921,9308386198.1,2.1986,-1.0813,12.0,3.0,5.5978,4.6539,3.771090674603175,3.551493848967878,0.3050166666666666,3.578739383788796,7.322584523571052,-3.273722717122129
2015-11-11,24.76,25.4444,2.7641,18.1021,15.6842,2.3188,1.8922,9285884055.8,2.1986,-1.0813,12.0,3.0,5.5978,4.6539,3.780197420634921,3.542988419597888,0.2921761904761904,3.566877032103796,7.323185840232808,-3.2747008416276056
2015-11-12,24.55,25.4444,3.6432,17.9249,15.6896,2.2992,1.8926,9207126557.75,2.1986,-1.0576,12.0,3.0,5.5978,4.6539,3.789741865079365,3.536106822933097,0.2815849206349206,3.5548137092359435,7.325848688012462,-3.273228788601023
2015-11-13,24.45,25.4444,4.0671,17.8519,15.695,2.2898,1.8929,9169622987.25,2.1986,-1.0576,12.0,3.0,5.5978,4.6539,3.8011339285714287,3.5277067116638827,0.2891460317460317,3.5618934774562163,7.328840640235311,-3.2727474457101846
2015-11-16,24.55,25.4444,3.6432,17.9249,15.7042,2.2992,1.895,9207126557.75,2.1986,-1.0576,12.0,3.0,5.5978,4.6539,3.812582142857143,3.51777964567782,0.3005412698412698,3.570366100607077,7.3303617885349635,-3.269824830765807
2015-11-17,24.43,25.4444,4.1523,17.8373,15.7078,2.2879,1.896,9162122273.15,2.1986,-1.0576,12.0,3.0,5.5978,4.6539,3.8244432539682536,3.5087976382398134,0.3156015873015872,3.5826559891341048,7.333240892208067,-3.2670544018325174
2015-11-18,24.63,25.4444,3.3065,17.9834,15.7078,2.3067,1.897,9237129414.15,2.1986,-1.0576,12.0,3.0,5.5978,4.6539,3.8341257936507938,3.5005959841069294,0.326197619047619,3.589560029005685,7.334721777757723,-3.263362409958066
2015-11-19,24.69,25.4444,3.0555,18.0272,15.708,2.3123,1.8982,9259631556.45,2.1986,-1.0576,12.0,3.0,5.5978,4.6539,3.842807142857143,3.493206394654417,0.3291555555555555,3.59167043533923,7.33601353751156,-3.2625148797836747
2015-11-20,24.69,25.4444,3.0555,18.0272,15.7081,2.3123,1.8983,9259631556.45,2.1986,-1.0576,12.0,3.0,5.5978,4.6539,3.850168452380952,3.4876147810004383,0.3267722222222221,3.589745089816717,7.337783233381391,-3.262972867594495
2015-11-23,24.64,25.4444,3.2646,17.9907,15.711,2.3076,1.8991,9240879771.2,2.1986,-1.0576,12.0,3.0,5.5978,4.6539,3.857954365079365,3.481902666797901,0.325279365079365,3.588473606430985,7.339857031877266,-3.2631942413516204
2015-11-24,24.53,25.4444,3.7277,17.9103,15.711,2.2973,1.8995,9199625843.65,2.1986,-1.0576,12.0,3.0,5.5978,4.6539,3.869066468253968,3.4725012373827524,0.3301468253968253,3.592700533085224,7.34156770563672,-3.262553707688398
2015-11-25,24.22,25.4444,5.0553,17.684,15.711,2.2683,1.8999,9083364775.1,2.1986,-1.0576,12.0,3.0,5.5978,4.6539,3.882514880952381,3.4639166287672616,0.3413246031746031,3.605271272094632,7.346431509719642,-3.2639466689200294
2015-11-27,24.31,25.4444,4.6664,17.7497,15.7162,2.2767,1.8999,9117117988.55,2.1986,-1.0576,12.0,3.0,5.5978,4.6539,3.8945936507936505,3.4559902334752013,0.3513420634920634,3.615588522636047,7.350583884268852,-3.264246459143984
2015-11-30,24.16,25.4444,5.3162,17.6402,15.7267,2.2626,1.9038,9060862632.8,2.1986,-1.0576,12.0,3.0,5.5978,4.6539,3.90885753968254,3.446962948367455,0.3737555555555555,3.6376516792801774,7.355820488049995,-3.263896123724622
2015-12-01,24.4,25.4444,4.2803,17.8154,15.7282,2.2851,1.9038,9150871202.0,2.1986,-1.0576,12.0,3.0,5.5978,4.6539,3.918074603174603,3.4417186411155245,0.3954309523809524,3.652816929055615,7.359793244290127,-3.2573859766746622
2015-12-02,24.28,25.4444,4.7957,17.7278,15.7296,2.2739,1.9038,9105866917.4,2.1986,-1.0576,12.0,3.0,5.5978,4.6539,3.927300992063492,3.437816138938786,0.4083920634920634,3.665589083366753,7.365117131002278,-3.2571970198746896
2015-12-03,24.11,25.4666,5.6267,17.6037,15.7308,2.258,1.907,9042110847.55,2.1986,-1.0576,12.0,3.0,5.5978,4.6539,3.938062103174604,3.434622444455353,0.4283309523809523,3.687195229232552,7.372684547629957,-3.2588642768515994
2015-12-04,24.54,25.4666,3.7759,17.9176,15.7364,2.2982,1.9097,9203376200.7,2.1986,-1.0576,12.0,3.0,5.5978,4.6539,3.9440259920634926,3.431719062284121,0.4274190476190475,3.686346162968867,7.375745054347614,-3.25892711534982
2015-12-07,24.34,25.4666,4.6286,17.7716,15.7385,2.2795,1.9165,9128369059.7,2.1986,-1.0576,12.0,3.0,5.5978,4.6539,3.949603373015873,3.430540308470396,0.4363666666666666,3.6952241703692352,7.380143681486269,-3.2588575037025684
2015-12-08,24.23,25.4666,5.1036,17.6913,15.7386,2.2692,1.9186,9087115132.15,2.1986,-1.0576,12.0,3.0,5.5978,4.6539,3.959123015873016,3.42706373707842,0.4601023809523809,3.715628103273428,7.386186752951436,-3.255525722321047
2015-12-09,23.75,25.4666,7.2278,17.332,15.7388,2.2242,1.9206,8907097993.75,2.1986,-0.8822,13.0,3.0,5.5978,4.6539,3.972959126984127,3.426153654419739,0.5103269841269841,3.764069446403325,7.399112781403867,-3.253742462276341
2015-12-10,23.51,25.4666,8.3224,17.1568,15.7405,2.2018,1.921,8817089424.55,2.1986,-0.8822,13.0,3.0,5.5978,4.6539,3.986701984126984,3.4296861391209874,0.5692388888888888,3.8277586984130223,7.416388123247971,-3.2585198095241337
2015-12-11,23.31,25.4666,9.2518,17.0109,15.7408,2.183,1.9212,8742082283.55,2.1986,-0.8822,13.0,3.0,5.5978,4.6539,4.000290873015873,3.436959051971137,0.6336928571428571,3.904884509681377,7.437249924987009,-3.27119165253852
2015-12-14,23.28,25.4666,9.3926,16.989,15.7478,2.1736,1.9226,8730831212.4,2.3772,-0.8822,13.0,3.0,5.5978,4.6539,4.014159126984128,3.4445942756459744,0.7126420634920634,3.980487897479089,7.458753402630101,-3.2678458339870256
2015-12-15,23.22,25.4666,9.6753,16.9452,15.748,2.168,1.9226,8708329070.1,2.3772,-0.8822,13.0,3.0,5.5978,4.6539,4.027305753968254,3.4535374432708914,0.790263492063492,4.0590018730049255,7.480843197239146,-3.268738380941433
2015-12-16,23.38,25.4666,8.9247,17.062,15.7486,2.1829,1.9236,8768334782.9,2.3772,-0.8822,13.0,3.0,5.5978,4.6539,4.039070436507936,3.4601080424383843,0.8707960317460317,4.1189688970596885,7.49917847894632,-3.248172865313657
2015-12-17,23.31,25.4666,9.2518,17.0109,15.7491,2.1764,1.9242,8742082283.55,2.3772,-0.8822,13.0,3.0,5.5978,4.6539,4.0508375,3.4677377886308203,0.9500468253968252,4.183408399125146,7.518575288630821,-3.233361573728321
2015-12-18,23.36,25.4666,9.018,17.0474,15.7545,2.181,1.926,8760834068.8,2.3772,-0.8822,13.0,3.0,5.5978,4.6539,4.064808531746032,3.4735439096280047,1.0309015873015872,4.240177399118867,7.538352441374037,-3.20927581181728
2015-12-21,23.23,25.4666,9.6281,16.9525,15.7577,2.1689,1.9276,8712079427.15,2.3772,-0.8822,13.0,3.0,5.5978,4.6539,4.080724801587301,3.480627568056475,1.1183460317460316,4.302999999380095,7.561352369643776,-3.1846539676340635
2015-12-22,23.39,25.4666,8.8782,17.0693,15.7577,2.1838,1.9276,8772085139.95,2.3772,-0.8822,13.0,3.0,5.5978,4.6539,4.09742757936508,3.483415393836493,1.195984126984127,4.354162402656451,7.580842973201573,-3.158178275672324
2015-12-23,23.46,25.4666,8.5533,17.1203,15.7577,2.1904,1.928,8798337639.3,2.3772,-0.8822,13.0,3.0,5.5978,4.6539,4.112148015873015,3.4865429511558244,1.2710436507936504,4.398955081953023,7.59869096702884,-3.1279114311593723
2015-12-24,23.52,25.4666,8.2764,17.1641,15.7633,2.196,1.9291,8820839781.6,2.3772,-0.8822,13.0,3.0,5.5978,4.6539,4.128064682539683,3.48720749693255,1.3491531746031746,4.435413480895642,7.615272179472233,-3.086260306292467
2015-12-28,23.65,25.4666,7.6812,17.259,15.7717,2.2081,1.9338,8869594423.25,2.3772,-0.8822,13.0,3.0,5.5978,4.6539,4.142800396825397,3.486497660178922,1.4074214285714284,4.470131107672134,7.629298057004319,-3.0627096791007054
2015-12-29,23.75,25.4666,7.2278,17.332,15.7738,2.2174,1.9346,8907097993.75,2.3772,-0.8822,13.0,3.0,5.5978,4.6539,4.156024007936508,3.48553238208448,1.4688706349206349,4.496634394603562,7.6415563900209875,-3.0277637596829265
2015-12-30,23.55,25.4666,8.1384,17.186,15.7782,2.1988,1.9355,8832090852.75,2.3772,-0.8822,13.0,3.0,5.5978,4.6539,4.173081944444444,3.483939541518696,1.5565349206349204,4.518255016234889,7.65702148596314,-2.9617200955999685
2015-12-31,23.25,25.4666,9.5338,16.9671,15.7795,2.1708,1.9363,8719580141.25,2.3772,-0.8822,13.0,3.0,5.5978,4.6539,4.195092063492063,3.482693309912732,1.6525690476190478,4.558336405672054,7.677785373404795,-2.905767358053006
2016-01-04,22.95,25.4666,10.9656,16.7482,15.783,2.1427,1.9391,8607069429.75,2.3772,-0.8822,13.0,3.0,5.5978,4.6539,4.211975,3.4948520987613416,1.7703436507936507,4.60586209128327,7.706827098761341,-2.8355184404896194
2016-01-05,23.03,25.4666,10.5801,16.8065,15.786,2.1502,1.9395,8637072286.15,2.3772,-0.8822,13.0,3.0,5.5978,4.6539,4.223921230158731,3.506312992599647,1.887363492063492,4.641043784471057,7.730234222758378,-2.753680292407565
2016-01-06,23.07,25.3999,10.0993,16.869,15.7882,2.1539,1.9396,8652073714.35,2.3772,-0.9998,13.0,3.0,5.5978,4.6539,4.232903769841269,3.51556038857127,1.994946031746032,4.6731881202734655,7.748464158412539,-2.6782420885274343
2016-01-07,23.05,25.3555,10.0022,16.8543,15.7882,2.1521,1.94,8644573000.25,2.3772,-0.9998,13.0,3.0,5.5978,4.6539,4.241806349206349,3.5244841454671523,2.093845238095238,4.70988838790242,7.766290494673501,-2.6160431498071817
2016-01-08,22.81,25.311,10.9645,16.6801,15.7903,2.1297,1.9405,8554564431.05,2.3772,-1.0015,13.0,3.0,5.5978,4.6539,4.251372023809524,3.5361784377782857,2.2082015873015868,4.7491049133071765,7.787550461587809,-2.5409033260055898
2016-01-11,22.76,25.311,11.2083,16.6435,15.7996,2.125,1.942,8535812645.8,2.3772,-1.0014,13.0,3.0,5.5978,4.6539,4.263229166666666,3.5494681971174584,2.319155555555556,4.794913042507631,7.812697363784125,-2.475757486952075
2016-01-12,22.54,25.311,12.2937,16.4826,15.8003,2.1045,1.9423,8453304790.7,2.3772,-1.0986,14.0,3.0,5.5978,4.6539,4.27611369047619,3.5668012660759274,2.4404000000000003,4.852565739004562,7.842914956552117,-2.412165739004561
2016-01-13,22.3,25.311,13.5022,16.3071,15.8022,2.0821,1.9424,8363296221.5,2.3772,-1.0977,14.0,3.0,5.5978,4.6539,4.28956865079365,3.58876485617153,2.570565873015873,4.927593225405981,7.8783335069651805,-2.357027352390108
2016-01-14,22.3,25.2888,13.4027,16.3179,15.804,2.0824,1.9425,8363296221.5,2.3688,-1.121,14.0,3.0,5.4782,4.6539,4.3040859126984135,3.610777460151674,2.704273015873016,4.99123200187558,7.914863372850087,-2.286958986002564
2016-01-15,22.16,25.1777,13.6178,16.2059,15.8042,2.0694,1.9429,8310791222.8,2.3688,-1.123,14.0,3.0,5.4782,4.6539,4.316844642857142,3.632282853802927,2.8334079365079363,5.061502553109834,7.949127496660069,-2.228094616601898
2016-01-19,22.25,24.9555,12.1596,16.2718,15.8178,2.0778,1.9437,8344544436.25,2.3688,-1.1227,14.0,3.0,5.4782,4.6539,4.326942261904762,3.646996955444488,2.9543,5.101061930100522,7.973939217349249,-2.1467619301005216
2016-01-20,21.63,24.9555,15.3745,15.8183,15.818,2.0199,1.9437,8112022299.15,2.3688,-1.1178,14.0,3.0,5.4782,4.6539,4.342135317460317,3.6769751332203247,3.1030214285714286,5.187795388572876,8.01911045068064,-2.084773960001447
2016-01-21,21.66,24.9555,15.2147,15.8403,15.8208,2.0227,1.9442,8123273370.3,2.3688,-1.1174,14.0,3.0,5.4811,4.6539,4.357011309523808,3.705710914740808,3.258626984126984,5.254807461719874,8.062722224264615,-1.9961804775928904
2016-01-22,21.77,24.9555,14.6325,15.9207,15.8234,2.0329,1.9452,8164527297.85,2.3688,-1.1174,14.0,3.0,5.4811,4.6539,4.37259365079365,3.732331693472409,3.4044142857142856,5.313663575451039,8.104925344266059,-1.9092492897367528
2016-01-25,22.01,24.9555,13.3826,16.0962,15.8273,2.0554,1.9463,8254535867.05,2.3688,-1.1174,14.0,3.0,5.4811,4.6539,4.3821787698412695,3.749250372905645,3.5422388888888894,5.345629986177156,8.131429142746915,-1.8033910972882663
2016-01-26,22.08,24.9555,13.0231,16.1474,15.8299,2.0619,1.9464,8280788366.4,2.3688,-1.1174,14.0,3.0,5.4811,4.6539,4.3897779761904765,3.762877496001092,3.675253174603175,5.371513363568098,8.152655472191569,-1.696260188964923
2016-01-27,21.96,24.9555,13.6407,16.0597,15.8306,2.0507,1.9464,8235784081.8,2.3688,-1.1174,14.0,3.0,5.4811,4.6539,4.39860257936508,3.7793436883886806,3.8105436507936505,5.406296798652491,8.17794626775376,-1.5957531478588405
2016-01-28,22.2,24.9555,12.4122,16.2352,15.8314,2.0731,1.9466,8325792651.0,2.3688,-1.1174,14.0,3.0,5.4811,4.6539,4.407269047619047,3.792704740826473,3.940992063492064,5.4140300966818895,8.19997378844552,-1.4730380331898258
2016-01-29,22.52,24.9555,10.8148,16.4692,15.8316,2.103,1.9468,8445804076.6,2.3688,-1.1174,14.0,3.0,5.4811,4.6539,4.410486706349206,3.797457952242187,4.029183333333333,5.434903025221407,8.207944658591394,-1.4057196918880734
2016-02-01,22.67,24.9555,10.0816,16.5789,15.8338,2.117,1.9483,8502059432.35,2.3688,-1.1174,14.0,3.0,5.4811,4.6539,4.415002777777778,3.8028530259543305,4.1039047619047615,5.452994274896861,8.217855803732109,-1.3490895129920997
2016-02-02,22.2,24.9555,12.4122,16.2352,15.8356,2.0731,1.9493,8325792651.0,2.3688,-1.1174,14.0,3.0,5.4811,4.6539,4.422235317460318,3.8145946480496415,4.20477380952381,5.488364777602648,8.23682996550996,-1.2835909680788378
2016-02-03,22.2,24.9555,12.4122,16.2352,15.8363,2.0731,1.9494,8325792651.0,2.3688,-1.1174,14.0,3.0,5.4811,4.6539,4.42554861111111,3.8208152166415457,4.304983333333333,5.522200808456787,8.246363827752656,-1.2172174751234532
2016-02-04,21.99,24.9555,13.4857,16.0816,15.8363,2.0535,1.9497,8247035152.95,2.3688,-1.1174,14.0,3.0,5.4811,4.6539,4.4317375000000006,3.832964293129783,4.416015873015873,5.565206019725308,8.264701793129783,-1.1491901467094356
2016-02-05,21.98,24.9555,13.5373,16.0743,15.8363,2.0526,1.95,8243284795.9,2.3688,-1.1174,14.0,3.0,5.4811,4.6539,4.4371583333333335,3.843912311794489,4.522505555555555,5.610525496533249,8.281070645127823,-1.088019940977694
2016-02-08,22.55,24.9555,10.6674,16.4912,15.8338,2.1058,1.9504,8457055147.75,2.3688,-1.1174,14.0,3.0,5.4811,4.6539,4.437599603174602,3.844616066517713,4.60256507936508,5.625767526036919,8.282215669692315,-1.0232024466718386
2016-02-09,22.62,24.9555,10.3249,16.5423,15.8356,2.1174,1.9507,8503677138.06,2.3688,-1.1174,14.0,3.0,5.4811,4.6539,4.437984722222222,3.845197171575834,4.686819047619048,5.631383667294837,8.283181893798055,-0.9445646196757886
2016-02-10,22.96,24.7555,7.8201,15.8959,15.8363,2.1695,1.9508,8631495450.48,4.99,6.8783,1.0,3.0,5.3254,4.6539,4.436100595238095,3.8433026163308175,4.752171428571429,5.61947908431181,8.279403211568914,-0.8673076557403814
2016-02-11,22.24,24.7111,11.1111,15.4391,15.8338,2.098,1.9514,8360821377.12,4.9861,4.4032,3.0,3.0,5.3254,4.6539,4.444088492063492,3.852990926290624,4.838070634920635,5.633395988084944,8.297079418354116,-0.7953253531643085
2016-02-12,22.8,24.7111,8.382,15.8278,15.832,2.1508,1.9519,8571345656.4,4.9861,4.4032,3.0,3.0,5.3254,4.6539,4.445958531746032,3.854675983758928,4.908533333333333,5.621652519407505,8.30063451550496,-0.7131191860741719
2016-02-16,22.87,24.6666,7.8557,15.964,15.8318,2.1623,1.9532,8597661191.31,4.9861,4.0912,3.0,3.0,5.3254,4.6539,4.449575595238096,3.8570224728723104,4.980625396825397,5.600533726679144,8.306598068110405,-0.6199083298537467
2016-02-17,22.73,24.6666,8.52,15.8663,15.8318,2.149,1.9536,8545030121.49,4.9861,4.0912,3.0,3.0,5.3254,4.6539,4.454433333333333,3.8606096149295546,5.062130952380952,5.5764792534281895,8.315042948262889,-0.5143483010472378
2016-02-18,22.79,24.6666,8.2343,15.9081,15.8318,2.1547,1.9541,8567586294.27,4.9861,4.0912,3.0,3.0,5.3254,4.6539,4.461208333333333,3.86424633232774,5.1420023809523805,5.548985043908031,8.325454665661074,-0.4069826629556505
2016-02-19,22.88,24.6666,7.8086,15.971,15.8318,2.1632,1.9543,8601420553.44,4.9861,4.0912,3.0,3.0,5.3254,4.6539,4.464540277777777,3.866410884540854,5.213400793650794,5.524714609353147,8.33095116231863,-0.3113138157023529
2016-02-22,22.91,24.6666,7.6674,15.9919,15.8316,2.166,1.955,8612698639.83,4.9861,4.0912,3.0,3.0,5.3254,4.6539,4.469293849206348,3.868877074906527,5.268986507936508,5.513794376265516,8.338170924112875,-0.2448078683290084
2016-02-23,22.72,24.6666,8.5678,15.8593,15.8318,2.1481,1.9551,8541270759.36,4.9861,4.0912,3.0,3.0,5.3254,4.6539,4.476507142857143,3.8731287905233054,5.314039682539682,5.517400203589859,8.34963593338045,-0.2033605210501772
2016-02-24,22.93,24.6666,7.5735,16.0059,15.832,2.1679,1.9552,8620217364.09,4.9861,4.0912,3.0,3.0,5.3254,4.6539,4.479372619047619,3.874887850896074,5.310718253968254,5.515900960146479,8.354260469943693,-0.2051827061782249
2016-02-25,23.03,24.6666,7.1064,16.1038,15.832,2.1774,1.9554,8657810985.39,4.9861,3.6406,4.0,3.0,5.3254,4.6539,4.483350198412699,3.876556495892293,5.297909523809524,5.5097905430305865,8.359906694304993,-0.2118810192210629
2016-02-26,22.73,24.6666,8.52,15.894,15.832,2.149,1.9559,8545030121.49,4.9861,3.6406,4.0,3.0,5.3254,4.6539,4.4899079365079375,3.880589896501225,5.302865079365079,5.512425785794446,8.370497833009162,-0.2095607064293672
2016-02-29,22.65,24.6666,8.9033,15.8381,15.8316,2.1415,1.956,8514955224.45,4.9861,3.6406,4.0,3.0,5.3254,4.6539,4.497898611111111,3.885529735787869,5.320310317460318,5.52037172480019,8.383428346898981,-0.2000614073398718
2016-03-01,22.89,24.6666,7.7615,16.0059,15.8318,2.1642,1.956,8605179915.57,4.9861,3.6406,4.0,3.0,5.3254,4.6539,4.504513492063492,3.888246750971153,5.330930158730158,5.523796800973393,8.392760243034646,-0.192866642243235
2016-03-02,23.05,24.6666,7.0134,16.1178,15.832,2.1793,1.956,8665329709.65,4.9861,3.6406,4.0,3.0,5.3254,4.6539,4.506783134920635,3.8893787965272657,5.337096825396825,5.525249261301299,8.396161931447901,-0.1881524359044739
2016-03-03,23.15,24.6666,6.5512,16.1877,15.832,2.1887,1.9562,8702923330.95,4.9861,3.6406,4.0,3.0,5.3254,4.6539,4.510265277777777,3.890423906523538,5.330988095238095,5.523463619528769,8.400689184301315,-0.1924755242906739
2016-03-04,23.13,24.6666,6.6433,16.1737,15.832,2.1868,1.957,8695404606.69,4.9861,3.6406,4.0,3.0,5.3254,4.6539,4.512926785714286,3.89142526343386,5.337538888888889,5.524535069552575,8.404352049148144,-0.1869961806636855
2016-03-07,22.92,24.6666,7.6204,16.0269,15.8316,2.167,1.9574,8616458001.96,4.9861,3.6406,4.0,3.0,5.3254,4.6539,4.52061746031746,3.893732705734984,5.356595238095237,5.528263875798428,8.414350166052444,-0.1716686377031901
2016-03-08,22.96,24.6666,7.4329,16.0548,15.8318,2.1708,1.9578,8631495450.48,4.9861,3.6406,4.0,3.0,5.3254,4.6539,4.527609325396826,3.895795595275907,5.366831746031745,5.530925371930527,8.423404920672732,-0.1640936258987819
2016-03-09,22.93,24.6666,7.5735,16.0338,15.832,2.1679,1.9583,8620217364.09,4.9861,3.6406,4.0,3.0,5.3254,4.6539,4.536825198412699,3.8974991888003774,5.394146825396825,5.533275344527015,8.434324387213078,-0.1391285191301898
2016-03-10,22.96,24.6666,7.4329,16.0548,15.8338,2.1708,1.9591,8631495450.48,4.9861,3.6406,4.0,3.0,5.3254,4.6539,4.54565496031746,3.899011985021206,5.416053174603174,5.535859512577117,8.444666945338666,-0.1198063379739426
2016-03-11,23.38,24.6666,5.503,16.3485,15.8338,2.2105,1.9591,8789388659.94,4.9861,3.6406,4.0,3.0,5.3254,4.6539,4.551189880952381,3.898385765770757,5.426223015873016,5.534824570013646,8.449575646723137,-0.1086015541406295
2016-03-14,23.31,24.6666,5.8198,16.2996,15.832,2.2039,1.9592,8763073125.03,4.9861,3.6406,4.0,3.0,5.3254,4.6539,4.556819047619048,3.898164747554887,5.440686507936508,5.533441885096221,8.454983795173934,-0.0927553771597127
2016-03-15,23.3,24.6666,5.8652,16.2926,15.8321,2.2029,1.9602,8759313762.9,4.9861,3.6406,4.0,3.0,5.3254,4.6539,4.563710119047619,3.897400158957555,5.456219841269841,5.531851819346202,8.461110278005174,-0.0756319780763608
2016-03-16,23.2,24.6666,6.3216,16.2226,15.8338,2.1935,1.9613,8721720141.6,4.9861,3.6406,4.0,3.0,5.3254,4.6539,4.572874603174604,3.8960896059924175,5.480307142857143,5.528935952968643,8.468964209167021,-0.0486288101115004
2016-03-17,23.36,24.6666,5.5933,16.3345,15.8338,2.2086,1.9615,8781869935.68,4.9861,3.6406,4.0,3.0,5.3254,4.6539,4.581943452380952,3.8931277114232863,5.500709523809523,5.524535521535659,8.475071163804238,-0.0238259977261359
2016-03-18,23.39,24.6666,5.4579,16.3555,15.8338,2.2114,1.9621,8793148022.07,4.9861,3.6406,4.0,3.0,5.3254,4.6539,4.589707142857143,3.890960343532016,5.520037301587301,5.520054585233571,8.480667486389159,-1.7283646269738995e-05
2016-03-21,23.49,24.6666,5.0089,16.4358,15.832,2.2209,1.9634,8830741643.37,4.9861,3.6483,4.0,2.0,11.0,4.6539,4.596892063492064,3.888378404854691,5.512961111111111,5.52013443918862,8.485270468346755,-0.007173328077509
2016-03-22,23.5,24.6666,4.9643,16.4428,15.8321,2.2218,1.9634,8834501005.5,4.9861,3.6456,4.0,2.0,11.0,4.6539,4.600178968253967,3.88798661957446,5.519244444444444,5.519047030008858,8.488165587828426,0.0001974144355862
2016-03-23,23.5,24.6666,4.9643,16.4428,15.8338,2.2218,1.9641,8834501005.5,4.9861,3.6456,4.0,2.0,11.0,4.6539,4.605070436507937,3.886888514484901,5.522320634920634,5.518625478074364,8.491958950992839,0.0036951568462697
2016-03-24,23.11,24.6666,6.7356,16.1699,15.8338,2.185,1.9642,8687885882.43,4.9861,3.6456,4.0,2.0,11.0,4.6539,4.6133702380952375,3.886963034559858,5.540883333333333,5.518742613759108,8.500333272655094,0.0221407195742253
2016-03-28,23.4,24.6666,5.4128,16.3728,15.8318,2.2124,1.9648,8796907384.2,4.9861,3.6456,4.0,2.0,11.0,4.6539,4.617762301587302,3.88661252976268,5.566739682539682,5.5103773296729335,8.504374831349981,0.0563623528667482
2016-03-29,23.53,24.6666,4.8304,16.4638,15.832,2.2247,1.9654,8845779091.89,4.9861,3.6456,4.0,2.0,11.0,4.6539,4.6196996031746025,3.886474415030615,5.601071428571428,5.492031110703748,8.506174018205218,0.1090403178676799
2016-03-30,23.82,24.6666,3.5542,16.6667,15.8321,2.2521,1.9658,8954800593.66,4.9861,3.6456,4.0,2.0,11.0,4.6539,4.619864682539682,3.886427293299838,5.626594444444444,5.474823507793616,8.50629197583952,0.1517709366508279
2016-03-31,23.7,24.6666,4.0785,16.5815,15.8321,2.2407,1.9668,8909688248.1,4.9861,3.6453,4.0,2.0,11.0,4.6539,4.623210714285714,3.885231250838127,5.664104761904762,5.447614407013206,8.508441965123842,0.2164903548915564
2016-04-01,24.05,24.6666,2.5638,16.8784,15.8321,2.2796,1.9678,9041265922.65,4.3681,2.9836,4.0,2.0,11.0,4.6539,4.622379563492063,3.885627682452221,5.691847619047619,5.422598486330607,8.508007245944285,0.2692491327170119
2016-04-04,24.0,24.6666,2.7775,16.8504,15.8318,2.2748,1.9694,9022469112.0,4.3681,2.9198,4.0,2.0,11.0,4.6539,4.621542857142857,3.885980137260779,5.720322222222221,5.397543982366694,8.507522994403637,0.322778239855527
2016-04-05,23.54,24.6666,4.7859,16.5274,15.832,2.2312,1.9694,8849538454.02,4.3681,1.618,5.0,2.0,11.0,4.6539,4.624906150793651,3.885386158448109,5.774902380952381,5.352504492253601,8.510292309241759,0.4223978886987796
2016-04-06,23.29,24.6666,5.9107,16.3519,15.8321,2.2075,1.9694,8755554400.77,4.3681,1.618,5.0,2.0,11.0,4.6539,4.629204563492063,3.8856083453787247,5.842669047619047,5.299053321588204,8.514812908870788,0.5436157260308434
2016-04-07,23.29,24.6666,5.9107,16.3519,15.8321,2.2075,1.9702,8755554400.77,4.3681,1.6166,5.0,2.0,11.0,4.6539,4.6303003968253975,3.885892275012481,5.905455555555555,5.25203956490139,8.516192671837878,0.6534159906541657
2016-04-08,23.25,24.6666,6.0929,16.364,15.8321,2.2037,1.9712,8740516952.25,4.3681,1.6287,5.0,2.0,11.0,4.6539,4.632205357142857,3.886374404910067,5.98383492063492,5.179487844971883,8.518579762052925,0.8043470756630375
2016-04-11,23.17,24.6666,6.4592,16.3077,15.8318,2.1961,1.9726,8710442055.21,4.3681,1.6287,5.0,2.0,11.0,4.6539,4.637156150793651,3.8871107249617975,6.06962380952381,5.095796824700653,8.52426687575545,0.9738269848231572
2016-04-12,23.37,24.6888,5.6431,16.4381,15.8318,2.2151,1.9731,8785629297.81,4.3681,1.6949,5.0,2.0,11.0,4.6539,4.638503174603174,3.8873419075139504,6.142010317460317,5.023357748993533,8.525845082117124,1.1186525684667838
2016-04-13,23.47,24.6888,5.193,16.4563,15.832,2.2246,1.9735,8823222919.11,4.3681,1.6694,5.0,2.0,11.0,4.6539,4.640101388888889,3.887404089973851,6.215955555555556,4.93889382647669,8.52750547886274,1.2770617290788655
2016-04-14,23.48,24.6888,5.1482,16.4645,15.832,2.2255,1.9745,8826982281.24,4.3681,1.6695,5.0,2.0,11.0,4.6539,4.642158928571429,3.887398028144808,6.291339682539682,4.847980576497122,8.529556956716236,1.4433591060425606
2016-04-15,23.77,24.6888,3.8654,16.6678,15.832,2.253,1.9754,8936003783.01,4.3681,1.6695,5.0,2.0,11.0,4.6539,4.642433928571428,3.88733804754924,6.349313492063492,4.773795816485784,8.529771976120669,1.575517675577708
2016-04-18,23.81,24.6888,3.6909,16.7041,15.8318,2.2568,1.9766,8951041231.53,4.3681,1.6674,5.0,2.0,11.0,4.6539,4.644298214285714,3.886654542469863,6.41389126984127,4.680722921669668,8.530952756755577,1.7331683481716018
2016-04-19,23.72,24.6888,4.0843,16.6409,15.832,2.2483,1.9772,8917206972.36,4.3681,1.6674,5.0,2.0,11.0,4.6539,4.646836507936508,3.885868609497072,6.486303174603174,4.571415306374,8.53270511743358,1.914887868229174
2016-04-20,23.66,24.6888,4.3483,16.5988,15.8321,2.2426,1.9774,8894650799.58,4.3681,1.6674,5.0,2.0,11.0,4.6539,4.649256746031746,3.885300885866074,6.563144444444444,4.450927402931836,8.534557631897819,2.112217041512608
2016-04-21,23.12,24.6888,6.7855,16.22,15.8338,2.1914,1.9777,8691645244.56,4.3681,1.6674,5.0,2.0,11.0,4.6539,4.656620039682539,3.885826877195871,6.660490476190476,4.317554901588307,8.54244691687841,2.342935574602169
2016-04-22,23.6,24.7857,5.0242,16.6702,15.8363,2.2114,1.9783,8872094626.8,4.3489,1.6925,5.0,2.0,11.0,4.6539,4.6624,3.884199223944633,6.74123888888889,4.188103037490386,8.546599223944632,2.553135851398504
2016-04-25,23.69,24.7857,4.6252,16.7338,15.8376,2.2199,1.979,8905928885.97,4.3489,1.6925,5.0,2.0,11.0,4.6539,4.66822638888889,3.881931484016469,6.8217293650793644,4.045671830113193,8.55015787290536,2.776057534966172
2016-04-26,23.77,24.7857,4.273,16.7903,15.8381,2.2274,1.9798,8936003783.01,4.3489,1.6925,5.0,2.0,11.0,4.6539,4.671139087301587,3.88108132821031,6.898264285714285,3.90183804450094,8.552220415511897,2.9964262412133458
2016-04-27,23.8,24.7857,4.1416,16.8115,15.839,2.2157,1.9805,8889058977.4,4.3489,1.6925,5.0,2.0,11.0,4.6539,4.672719246031747,3.880702513122378,6.974336507936509,3.749766294725197,8.553421759154125,3.224570213211312
2016-04-28,23.56,24.8333,5.4045,16.5333,15.84,2.1209,1.984,8799421407.88,4.5563,1.9465,6.0,2.0,11.0,4.6539,4.678302579365079,3.879724967257827,7.059560317460317,3.58625696993583,8.558027546622906,3.473303347524487
2016-04-29,23.5,24.8809,5.8762,16.4095,15.8402,2.1155,1.9866,8777012015.5,4.5563,2.2322,6.0,2.0,11.0,4.6539,4.684182738095238,3.87928933625134,7.149979365079365,3.405719059448593,8.563472074346578,3.744260305630772
2016-05-02,23.73,24.8809,4.85,16.6142,15.8402,2.1362,1.9974,8862914686.29,4.5563,1.9222,6.0,2.0,11.0,4.6539,4.688877976190477,3.8780524704328494,7.204507142857143,3.311414041383104,8.566930446623326,3.8930931014740384
2016-05-03,23.6,24.8809,5.4275,16.5231,15.8403,2.1245,1.9989,8814361002.8,4.5563,1.9222,6.0,2.0,11.0,4.6539,4.692611706349207,3.877855527121445,7.22965873015873,3.285479495970685,8.570467233470652,3.944179234188046
2016-05-04,23.52,24.8809,5.7861,16.4671,15.8442,2.1173,1.9997,8784481812.96,4.5563,1.9222,6.0,2.0,11.0,4.6539,4.6966238095238095,3.877938908395146,7.256684920634921,3.25917454376586,8.574562717918955,3.997510376869061
2016-05-05,23.57,24.8809,5.5617,16.5021,15.8442,2.1218,2.0011,8803156306.61,4.5563,1.9222,6.0,2.0,11.0,4.6539,4.699428571428572,3.878052593002373,7.277682539682539,3.2394483644493093,8.577481164430944,4.03823417523323
2016-05-06,23.44,24.8571,6.0456,16.4434,15.8484,2.1016,2.0041,8754602623.12,4.5577,1.9312,6.0,2.0,11.0,4.6539,4.704638095238095,3.8780940048885433,7.300215079365079,3.2207238207849174,8.582732100126638,4.079491258580163
2016-05-09,23.47,24.8571,5.9101,16.4644,15.8558,2.1043,2.0091,8765807319.31,4.5577,1.9312,6.0,2.0,11.0,4.6539,4.708858531746032,3.878246447178947,7.322991269841269,3.2004411215461808,8.58710497892498,4.122550148295089
2016-05-10,23.85,24.8571,4.2226,16.731,15.8593,2.1384,2.0092,8907733471.05,4.5577,1.9312,6.0,2.0,11.0,4.6539,4.7091882936507945,3.8781979248173184,7.332374603174603,3.189498780885556,8.587386218468113,4.142875822289048
2016-05-11,23.97,24.8571,3.7009,16.814,15.8598,2.1491,2.0096,8952552255.81,4.5577,1.7936,6.0,2.0,11.0,4.6539,4.709025396825397,3.8782386290744673,7.332982539682539,3.1887935688867195,8.587264025899865,4.14418897079582
2016-05-12,23.9,24.8571,4.0046,16.7649,15.8598,2.1429,2.0106,8926407964.7,4.5577,1.7936,6.0,2.0,11.0,4.6539,4.7101123015873005,3.877963738774743,7.344799206349206,3.173521550013481,8.588076040362044,4.171277656335725
2016-05-13,23.9,24.8571,4.0046,16.7649,15.8598,2.1429,2.0115,8926407964.7,4.5577,1.7936,6.0,2.0,11.0,4.6539,4.709135714285714,3.8780795376054567,7.354644444444444,3.161097013444777,8.58721525189117,4.193547430999667
2016-05-16,24.02,24.8571,3.485,16.849,15.8672,2.1536,2.0163,8971226749.46,4.5577,1.7936,6.0,2.0,11.0,4.6539,4.705692063492063,3.878395040261678,7.353388888888889,3.162614008296959,8.584087103753742,4.19077488059193
2016-05-17,23.64,24.8571,5.1485,16.5825,15.8682,2.1196,2.0167,8829300597.72,4.5577,1.7936,6.0,2.0,11.0,4.6539,4.706435119047619,3.878444027910012,7.361971428571429,3.155082857710356,8.58487914695763,4.206888570861073
2016-05-18,23.88,24.8571,4.0917,16.7508,15.8714,2.1411,2.0167,8918938167.24,4.5577,1.7936,6.0,2.0,11.0,4.6539,4.705081349206349,3.878539474661839,7.365530952380952,3.1511043114557293,8.583620823868188,4.214426640925224
2016-05-19,23.73,24.8571,4.7497,16.6456,15.8746,2.1276,2.0183,8862914686.29,4.5577,1.7936,6.0,2.0,11.0,4.6539,4.705253373015873,3.878539527219381,7.370272222222222,3.146677210891327,8.583792900235254,4.223595011330895
2016-05-20,23.75,24.8571,4.6615,16.6597,15.8746,2.1294,2.0213,8870384483.75,4.5577,1.7936,6.0,2.0,11.0,4.6539,4.70623630952381,3.878465391970211,7.381026190476191,3.134971533323576,8.584701701494021,4.246054657152615
2016-05-23,23.58,24.8571,5.416,16.5404,15.8931,2.1142,2.0262,8806891205.34,4.5577,1.7936,6.0,2.0,11.0,4.6539,4.709368253968254,3.878399809828109,7.399760317460317,3.115911094420586,8.587768063796362,4.283849223039731
2016-05-24,23.94,24.8571,3.8308,16.7929,15.894,2.1465,2.0273,8941347559.62,4.5577,1.7936,6.0,2.0,11.0,4.6539,4.708593849206349,3.878536460190049,7.405913492063493,3.1080191158062567,8.587130309396398,4.297894376257236
2016-05-25,23.9,24.8571,4.0046,16.7649,15.894,2.1429,2.0273,8926407964.7,4.5577,1.7936,6.0,2.0,11.0,4.6539,4.709573214285714,3.8782957675880354,7.411786507936507,3.1008217788542933,8.58786898187375,4.3109647290822135
2016-05-26,23.96,24.8571,3.7442,16.807,15.8947,2.1482,2.0282,8948817357.08,4.5577,1.7936,6.0,2.0,11.0,4.6539,4.70884503968254,3.878442789807806,7.41191746031746,3.1006652941092003,8.587287829490347,4.31125216620826
2016-05-27,24.05,24.8571,3.3559,16.8701,15.8956,2.1563,2.0309,8982431445.65,4.5577,1.7936,6.0,2.0,11.0,4.6539,4.707672619047619,3.878762906425007,7.398430158730158,3.1146625752726043,8.586435525472625,4.2837675834575535
2016-05-31,24.22,24.8571,2.6305,16.9893,15.8976,2.1716,2.0356,9045924724.06,4.5577,1.7945,6.0,2.0,11.0,4.6539,4.704843452380952,3.879758785911244,7.382272222222222,3.1341686527599024,8.584602238292195,4.24810356946232
2016-06-01,24.17,24.8571,2.8428,16.9543,15.9009,2.1671,2.0361,9027250230.41,4.5577,1.7945,6.0,2.0,11.0,4.6539,4.70276130952381,3.880477296014192,7.362642063492063,3.154889847062352,8.583238605538002,4.207752216429712
2016-06-02,24.22,24.8571,2.6305,16.9893,15.9048,2.1716,2.0396,9045924724.06,4.5577,1.7945,6.0,2.0,11.0,4.6539,4.7004746031746025,3.881359849939367,7.349548412698413,3.1711663184320784,8.58183445311397,4.178382094266334
2016-06-03,24.05,24.8571,3.3559,16.8701,15.9048,2.1563,2.0432,8982431445.65,4.5577,1.7945,6.0,2.0,11.0,4.6539,4.701450396825397,3.88095905798312,7.338121428571428,3.183014433837482,8.582409454808516,4.155106994733947
2016-06-06,23.9,24.8571,4.0046,16.7649,15.9009,2.1429,2.0453,8926407964.7,4.5577,1.7945,6.0,2.0,11.0,4.6539,4.705400198412699,3.87923101789499,7.325247619047619,3.193255555015115,8.584631216307688,4.131992064032504
2016-06-07,23.84,24.8571,4.2664,16.7228,15.9028,2.1375,2.0456,8903998572.32,4.5577,1.7945,6.0,2.0,11.0,4.6539,4.708924007936508,3.878021410923021,7.329140476190476,3.1891903684084424,8.586945418859528,4.139950107782034
2016-06-08,24.04,24.8571,3.3989,16.8631,15.9028,2.1554,2.0471,8978696546.92,4.5577,1.7945,6.0,2.0,11.0,4.6539,4.709985119047619,3.87758876568186,7.319380952380952,3.1993859045690143,8.58757388472948,4.119995047811937
2016-06-09,23.95,24.8571,3.7875,16.7999,15.9028,2.1474,2.0478,8945082458.35,4.5577,1.7945,6.0,2.0,11.0,4.6539,4.712029761904763,3.876828529699864,7.308935714285714,3.2088122683003584,8.588858291604627,4.100123445985355
2016-06-10,23.83,24.8571,4.3101,16.7158,15.9028,2.1366,2.0504,8900263673.59,4.5577,1.7945,6.0,2.0,11.0,4.6539,4.714505158730159,3.876171440577996,7.285779365079365,3.219911043499711,8.590676599308154,4.065868321579654
2016-06-13,23.42,24.8571,6.1362,16.4282,15.8992,2.0998,2.0516,8747132825.66,4.5577,1.7945,6.0,2.0,11.0,4.6539,4.719640079365079,3.876337527853009,7.268428571428571,3.220170689981783,8.595977607218089,4.048257881446789
2016-06-14,23.21,24.8571,7.0965,16.2809,15.9009,2.081,2.0521,8668699952.33,4.5577,1.7945,6.0,2.0,11.0,4.6539,4.726787896825396,3.8773942932746808,7.251323015873016,3.2152714830114486,8.604182190100076,4.036051532861567
2016-06-15,22.94,24.8571,8.357,16.0915,15.9028,2.0568,2.0526,8567857686.62,4.5577,1.7945,6.0,2.0,11.0,4.6539,4.735247817460317,3.880659273363148,7.243103968253969,3.211074937161189,8.615907090823466,4.03202903109278
2016-06-16,23.19,24.8571,7.1889,16.2668,15.9028,2.0792,2.0526,8661230154.87,4.5577,1.7945,6.0,2.0,11.0,4.6539,4.7430079365079365,3.88164940332769,7.223370634920635,3.203639901214149,8.624657339835627,4.019730733706486
2016-06-17,23.0,24.8571,8.0743,16.1336,15.9028,2.0622,2.0535,8590267079.0,4.5577,1.7945,6.0,2.0,11.0,4.6539,4.752203174603174,3.8840448095527926,7.216621428571429,3.200921613201072,8.636247984155967,4.015699815370358
2016-06-20,23.19,24.8571,7.1889,16.2668,15.9009,2.0792,2.0554,8661230154.87,4.5577,1.7945,6.0,2.0,11.0,4.6539,4.760921825396825,3.884573869130472,7.200249206349207,3.195700160071338,8.645495694527298,4.004549046277869
2016-06-21,23.28,24.8571,6.7745,16.33,15.9028,2.0873,2.0558,8694844243.44,4.5577,1.7945,6.0,2.0,11.0,4.6539,4.768180158730158,3.884912442878221,7.18244365079365,3.1917387572418856,8.653092601608378,3.9907048935517646
2016-06-22,23.33,24.8571,6.5456,16.365,15.9048,2.0917,2.0563,8713518737.09,4.5577,1.7945,6.0,2.0,11.0,4.6539,4.773912103174603,3.885400428052981,7.157979365079365,3.184648753638524,8.659312531227584,3.973330611440841
2016-06-23,23.62,24.8571,5.2375,16.5685,15.9048,2.1177,2.0568,8821830800.26,4.5577,1.7945,6.0,2.0,11.0,4.6539,4.777586111111112,3.884960681779361,7.12908492063492,3.185432273913764,8.662546792890472,3.943652646721157
2016-06-24,23.0,24.8461,8.0265,16.0727,15.9048,2.0611,2.057,8590267079.0,4.5575,1.778,6.0,2.0,11.0,4.6539,4.786686507936508,3.887192306369233,7.124903968253969,3.183893351440142,8.673878814305741,3.9410106168138266
2016-06-27,22.51,24.8461,10.3781,15.7303,15.8976,2.0172,2.0603,8407257041.23,4.5575,1.778,6.0,2.0,11.0,4.6539,4.799482142857142,3.894970181772515,7.141584126984126,3.1954585195722145,8.694452324629658,3.946125607411912
2016-06-28,22.92,24.8461,8.4036,16.0168,15.8992,2.0539,2.0586,8560387889.16,4.5575,1.778,6.0,2.0,11.0,4.6539,4.808792658730159,3.897970654372785,7.147317460317461,3.1970821081750955,8.706763313102943,3.950235352142365
2016-06-29,23.3,24.8461,6.6356,16.2823,15.9009,2.0879,2.0603,8702314040.9,4.5575,1.778,6.0,2.0,11.0,4.6539,4.81545496031746,3.898218243323423,7.14261746031746,3.197398123201632,8.713673203640884,3.945219337115829
2016-06-30,24.0,24.9743,4.0596,16.7715,15.9009,2.1507,2.0604,8963756952.0,4.5575,1.7882,6.0,2.0,11.0,4.6539,4.8189142857142855,3.896769208481444,7.1102460317460325,3.2078662341102606,8.71568349419573,3.902379797635772
2016-07-01,23.84,24.9743,4.758,16.6597,15.9009,2.1363,2.061,8903998572.32,4.5575,1.7882,6.0,2.0,11.0,4.6539,4.821744047619047,3.896204945785928,7.072342857142857,3.2072158038630936,8.717948993404974,3.865127053279764
2016-07-05,23.63,24.9743,5.689,16.5129,15.8976,2.1175,2.0611,8825565698.99,4.5575,1.7882,6.0,2.0,11.0,4.6539,4.827168253968254,3.8955041237553294,7.030465079365079,3.190378492362844,8.722672377723585,3.840086587002235
2016-07-06,23.58,24.9743,5.9131,16.478,15.8992,2.113,2.0615,8806891205.34,4.5575,1.7882,6.0,2.0,11.0,4.6539,4.832824206349206,3.89500626333523,6.993425396825397,3.175896847215045,8.727830469684436,3.817528549610352
2016-07-07,23.53,24.9999,6.2469,16.443,15.8992,2.1086,2.062,8788216711.69,4.5575,1.792,6.0,2.0,11.0,4.6539,4.838500992063492,3.894978060082967,6.9628507936507935,3.164279577452029,8.733479052146459,3.7985712161987646
2016-07-08,23.59,25.0512,6.1942,16.5231,15.8992,2.1316,2.063,8810626104.07,2.6429,2.1405,7.0,2.0,11.0,4.6539,4.843643452380952,3.895053766230405,6.932628571428571,3.153184104688112,8.738697218611357,3.7794444667404594
2016-07-11,23.58,25.0512,6.2392,16.5161,15.8968,2.1307,2.069,8806891205.34,2.6429,2.1454,7.0,2.0,11.0,4.6539,4.847792658730159,3.895425066545509,6.89512619047619,3.132882245758561,8.743217725275667,3.762243944717629
2016-07-12,23.49,25.0512,6.6462,16.4415,15.8976,2.1226,2.0694,8773277116.77,2.6429,2.1517,7.0,2.0,11.0,4.6539,4.853508333333333,3.895947244384052,6.8589190476190485,3.1089061884262312,8.749455577717384,3.750012859192817
2016-07-13,23.48,25.0512,6.6917,16.4138,15.8992,2.1217,2.0697,8769542218.04,2.6429,1.6779,8.0,2.0,11.0,4.6539,4.859275793650793,3.896513693902356,6.81445873015873,3.0703801231319563,8.75578948755315,3.7440786070267738
2016-07-14,23.42,25.0512,6.965,16.3708,15.8992,2.1163,2.0716,8747132825.66,2.6429,1.6778,8.0,2.0,11.0,4.6539,4.865728571428572,3.8973041154479136,6.762576190476191,3.011128526527755,8.763032686876485,3.751447663948436
2016-07-15,23.32,25.0512,7.4237,16.3009,15.8992,2.1072,2.0731,8709783838.36,2.6429,1.6759,8.0,2.0,11.0,4.6539,4.87168492063492,3.898917828588608,6.715123809523809,2.952184273528536,8.770602749223528,3.762939535995273
2016-07-18,23.14,25.0512,8.2593,16.1807,15.8976,2.091,2.0739,8642555661.22,2.6429,1.6544,8.0,2.0,11.0,4.6539,4.874848412698413,3.9010219565040303,6.672596031746032,2.8898908692586938,8.775870369202444,3.782705162487338
2016-07-19,23.06,25.0512,8.6349,16.1247,15.8976,2.0837,2.0747,8612676471.38,2.6429,1.6544,8.0,2.0,11.0,4.6539,4.879930357142857,3.904253691807303,6.644622222222223,2.853178549699066,8.784184048950161,3.791443672523157
2016-07-20,23.05,25.0512,8.682,16.1178,15.8992,2.0828,2.076,8608941572.65,2.6429,1.6544,8.0,2.0,11.0,4.6539,4.883977182539683,3.907140126533068,6.591507142857143,2.749782753722413,8.791117309072751,3.84172438913473
2016-07-21,23.12,25.0512,8.3529,16.1667,15.8992,2.0892,2.0776,8635085863.76,2.6429,1.6544,8.0,2.0,11.0,4.6539,4.885885912698413,3.908601958648753,6.537048412698414,2.6435317496330755,8.794487871347165,3.893516663065338
2016-07-22,23.47,25.0512,6.7371,16.4114,15.8992,2.1208,2.0785,8765807319.31,2.6429,1.6544,8.0,2.0,11.0,4.6539,4.885276785714285,3.90828885743082,6.474386507936508,2.541718249290657,8.793565643145104,3.932668258645851
2016-07-25,23.41,25.0512,7.0107,16.3695,15.8968,2.1154,2.0793,8743397926.93,2.6429,1.6544,8.0,2.0,11.0,4.6539,4.884061111111111,3.907530686762097,6.423815873015873,2.4654142772821546,8.791591797873208,3.958401595733719
2016-07-26,23.22,25.0512,7.8863,16.2366,15.8976,2.0982,2.0795,8672434851.06,2.6429,1.6544,8.0,2.0,11.0,4.6539,4.881773015873016,3.905429658081239,6.383047619047619,2.396935268703547,8.787202673954255,3.986112350344072
2016-07-27,23.15,25.0512,8.2125,16.1877,15.8992,2.0897,2.0798,8637199531.8,2.6429,1.6544,8.0,2.0,11.0,4.6539,4.880132142857143,3.903852723364965,6.339966666666667,2.312750503102456,8.783984866222108,4.027216163564212
2016-07-28,24.09,25.2564,4.8418,16.6701,15.9009,2.1398,2.0802,8987910873.48,3.0212,1.7101,8.0,2.0,11.0,4.6539,4.87120873015873,3.898776708837117,6.279884126984127,2.2512565345572453,8.769985438995846,4.028627592426882
2016-07-29,24.21,25.3333,4.6398,16.7023,15.9009,2.1504,2.0804,9032682534.12,3.0212,1.7701,8.0,2.0,11.0,4.6539,4.859472619047619,3.890527879810479,6.23087619047619,2.218722673988175,8.750000498858098,4.012153516488015
2016-08-01,24.37,25.3333,3.9528,16.7872,15.8976,2.1646,2.0813,9092378081.64,3.0212,1.7608,8.0,2.0,11.0,4.6539,4.844280952380952,3.8790502292119937,6.1822349206349205,2.200735754544708,8.723331181592947,3.9814991660902126
2016-08-02,24.6,25.3333,2.9809,16.9456,15.8992,2.1851,2.0815,9178190431.2,3.0212,1.7608,8.0,2.0,11.0,4.6539,4.831434920634921,3.874467565289936,6.107383333333334,2.146876550293629,8.705902485924856,3.9605067830397047
2016-08-03,24.62,25.3846,3.1056,16.9981,15.8992,2.1868,2.0817,9185652374.64,2.9343,1.605,8.0,2.0,11.0,4.6539,4.8185964285714284,3.869431249465602,6.0335214285714285,2.087500806327466,8.688027678037031,3.9460206222439616
2016-08-04,24.69,25.3846,2.8133,17.0464,15.8992,2.1931,2.0821,9211769176.68,2.9343,1.605,8.0,2.0,11.0,4.6539,4.804696428571429,3.864012323521886,5.948819841269841,1.9972748302033592,8.668708752093314,3.951545011066482
2016-08-05,24.82,25.3846,2.2748,17.1362,15.8992,2.2046,2.0824,9260271809.04,2.9343,1.605,8.0,2.0,11.0,4.6539,4.79033869047619,3.8599317138593214,5.8594349206349206,1.9048255278138944,8.650270404335512,3.954609392821026
2016-08-08,24.8,25.3846,2.3573,17.1223,15.8968,2.2028,2.0828,9252809865.6,2.9343,1.605,8.0,2.0,11.0,4.6539,4.776024404761905,3.8555396691587465,5.793481746031746,1.8807347069655564,8.631564073920652,3.912747039066189
2016-08-09,24.96,25.3846,1.7011,17.2328,15.8976,2.217,2.0832,9312505413.12,2.9343,1.605,8.0,2.0,11.0,4.6539,4.762199801587301,3.854045547190753,5.725038888888889,1.8714037067389413,8.616245348778055,3.853635182149948
2016-08-10,25.05,25.3846,1.3357,17.2949,15.9012,2.225,2.0837,9346084158.6,2.9343,1.605,8.0,2.0,11.0,4.6539,4.748240873015872,3.853689409313514,5.673575396825397,1.9022350730733928,8.601930282329386,3.771340323752004
2016-08-11,25.04,25.3846,1.3762,17.288,15.9012,2.2241,2.0839,9342353186.88,2.9343,1.605,8.0,2.0,11.0,4.6539,4.734949801587301,3.853744858038045,5.596314285714286,1.8771487238988247,8.588694659625347,3.719165561815461
2016-08-12,24.93,25.3846,1.8235,17.2121,15.9012,2.2144,2.0846,9301312497.96,2.9343,1.605,8.0,2.0,11.0,4.6539,4.724289682539682,3.854353939284361,5.544262698412699,1.8901716723192528,8.578643621824042,3.654091026093446
2016-08-15,25.7,25.6451,-0.2136,17.7941,15.8968,2.2828,2.0846,9588597320.4,2.9343,1.2486,7.0,2.0,11.0,4.6539,4.710391666666667,3.859512116604962,5.480220634920634,1.9470738757149149,8.569903783271629,3.5331467592057195
2016-08-16,26.76,26.1579,-2.25,18.6715,15.8976,2.3769,2.086,9984080322.72,4.8889,0.3979,5.0,2.0,11.0,4.6539,4.692681746031745,3.8709373720218303,5.394744444444444,2.046426267601547,8.563619118053575,3.348318176842897
2016-08-17,26.61,26.1579,-1.699,18.5668,15.9012,2.3636,2.0873,9928115746.92,4.8889,0.3979,5.0,2.0,11.0,4.6539,4.676747817460317,3.880693352710109,5.315908730158731,2.1259493771592703,8.557441170170426,3.1899593529994608
2016-08-18,26.68,26.2348,-1.6687,18.4867,15.9012,2.3698,2.0875,9954232548.96,4.8939,0.3836,5.0,2.0,11.0,4.6539,4.659389087301587,3.889478729968137,5.240692063492063,2.203299330934684,8.548867817269723,3.03739273255738
2016-08-19,26.52,26.2861,-0.882,17.9456,15.9012,2.3808,2.0879,9894537001.44,4.899,0.9031,4.0,2.0,11.0,4.6539,4.64359126984127,3.895791657617951,5.172839682539683,2.258910077469535,8.539382927459222,2.913929605070148
2016-08-22,26.49,26.2861,-0.7697,17.9253,15.8968,2.3781,2.0892,9883344086.28,4.899,0.9031,4.0,2.0,11.0,4.6539,4.62950119047619,3.902510241153069,5.09873253968254,2.299444087838064,8.53201143162926,2.7992884518444763
2016-08-23,26.38,26.2861,-0.356,17.8509,15.8976,2.3683,2.0895,9842303397.36,4.899,0.9031,4.0,2.0,11.0,4.6539,4.6150914682539685,3.907490817434693,5.0358,2.339334945936714,8.522582285688662,2.696465054063286
2016-08-24,26.45,26.2861,-0.6197,17.8982,15.9012,2.3745,2.0897,9868420199.4,4.899,0.9031,4.0,2.0,11.0,4.6539,4.60061626984127,3.913350401330229,4.9744817460317465,2.385430013373869,8.513966671171499,2.589051732657877
2016-08-25,26.49,26.2861,-0.7697,17.9253,15.9012,2.3781,2.0901,9883344086.28,4.899,0.9031,4.0,2.0,11.0,4.6539,4.585500396825397,3.919358559495715,4.9007539682539685,2.418304462044608,8.504858956321112,2.482449506209361
2016-08-26,26.42,26.2861,-0.5068,17.8779,15.9012,2.3718,2.091,9857227284.24,4.899,0.9031,4.0,2.0,11.0,4.6539,4.571477182539683,3.9249166030236737,4.826070634920635,2.438922789169746,8.496393785563356,2.387147845750889
2016-08-29,26.5,26.5425,0.1604,17.3657,15.8968,2.379,2.0917,9887075058.0,4.899,0.939,4.0,2.0,11.0,4.6539,4.557862500000001,3.928298267161954,4.765744444444445,2.4596523948740465,8.486160767161955,2.306092049570399
2016-08-30,26.79,26.5425,-0.9239,17.5557,15.8976,2.4051,2.0926,9995273237.88,4.899,0.939,4.0,2.0,11.0,4.6539,4.542669444444445,3.934669936879791,4.70275,2.502888460247629,8.477339381324235,2.199861539752371
2016-08-31,26.98,26.5425,-1.6216,17.6802,15.9012,2.4221,2.0934,10066161700.56,4.899,0.939,4.0,2.0,11.0,4.6539,4.525863293650794,3.94288163141447,4.637886507936508,2.5598544485609445,8.468744925065263,2.0780320593755635
2016-09-01,27.14,26.7733,-1.3511,17.7641,15.9012,2.4365,2.0949,10125857248.08,4.899,1.1258,4.0,2.0,11.0,4.6539,4.509479166666667,3.9501195842711,4.574438888888889,2.6083648520857485,8.459598750937767,1.9660740368031409
2016-09-02,27.25,26.7733,-1.7494,17.8361,15.9012,2.4464,2.0956,10166897937.0,4.899,1.1258,4.0,2.0,11.0,4.6539,4.490919841269841,3.957516318442488,4.500075396825397,2.6539965159793635,8.44843615971233,1.8460788808460336
2016-09-06,27.59,27.7476,0.5712,17.5822,15.8976,2.4769,2.0958,10293750975.48,4.899,4.1262,4.0,2.0,11.0,4.6539,4.47638253968254,3.958432880702461,4.44561746031746,2.6637163753848605,8.434815420385,1.7819010849325996
2016-09-07,27.72,27.7476,0.0996,17.6651,15.9012,2.4886,2.0964,10342253607.84,4.899,4.1262,4.0,2.0,11.0,4.6539,4.461026388888889,3.960373427549988,4.386300793650793,2.676690505546005,8.421399816438877,1.7096102881047883
2016-09-08,27.44,27.7476,1.121,17.4866,15.9012,2.4634,2.0974,10237786399.68,4.899,4.1262,4.0,2.0,11.0,4.6539,4.447228968253968,3.959871341514254,4.336206349206349,2.678280402400042,8.407100309768222,1.6579259468063068
2016-09-09,26.86,27.7476,3.3045,17.117,15.9012,2.4113,2.0979,10021390039.92,4.899,4.1262,4.0,2.0,11.0,4.6539,4.436110912698413,3.955185667971988,4.318757936507937,2.677779512158773,8.391296580670401,1.640978424349164
2016-09-12,27.11,27.7476,2.3519,17.2763,15.8968,2.4338,2.099,10114664332.92,4.899,4.1262,4.0,2.0,11.0,4.6539,4.421060714285715,3.948637711779948,4.2912349206349205,2.680049022337383,8.369698426065662,1.6111858982975376
2016-09-13,27.03,27.7476,2.6548,17.2253,15.8976,2.4266,2.0998,10084816559.16,4.899,4.1262,4.0,2.0,11.0,4.6539,4.406611507936509,3.941730596549151,4.265755555555556,2.680226258346422,8.34834210448566,1.585529297209134
2016-09-14,26.88,27.7476,3.2277,17.1297,15.9012,2.4131,2.0999,10028851983.36,4.899,4.1262,4.0,2.0,11.0,4.6539,4.393420238095238,3.9345082361415127,4.241200793650794,2.675409041578528,8.32792847423675,1.5657917520722662
2016-09-15,26.91,27.7476,3.1126,17.1489,15.9012,2.4158,2.1,10040044898.52,4.899,4.1262,4.0,2.0,11.0,4.6539,4.379515079365079,3.926602638891304,4.221512698412699,2.674506937287364,8.306117718256383,1.5470057611253352
2016-09-16,26.65,27.7476,4.1186,16.9832,15.9012,2.3925,2.1,9943039633.8,4.899,4.1262,4.0,2.0,11.0,4.6539,4.368815674603175,3.919933252734899,4.210883333333334,2.6722142447866664,8.288748927338073,1.5386690885466678
2016-09-19,26.82,27.7476,3.4586,16.8775,15.8968,2.4078,2.1014,10006466153.04,4.899,4.1453,4.0,2.0,11.0,4.6539,4.358241071428571,3.9151734089192063,4.198579365079365,2.6720795587354,8.273414480347778,1.5264998063439648
2016-09-20,26.99,27.7476,2.807,16.9845,15.8976,2.423,2.1016,10069892672.28,4.899,4.1453,4.0,2.0,11.0,4.6539,4.346610714285713,3.911047532322208,4.181457936507936,2.674044689240867,8.257658246607921,1.5074132472670692
2016-09-21,27.19,27.7476,2.0508,17.1103,15.9012,2.441,2.102,10144512106.68,4.899,4.1449,4.0,2.0,11.0,4.6539,4.333834722222222,3.908001913106937,4.15833492063492,2.679811736143338,8.24183663532916,1.4785231844915825
2016-09-22,27.23,27.7476,1.9008,17.1355,15.9012,2.4446,2.1024,10159435993.56,4.899,4.1449,4.0,2.0,11.0,4.6539,4.318614682539683,3.902495655385248,4.119963492063492,2.677226203505652,8.22111033792493,1.4427372885578396
2016-09-23,26.76,27.7476,3.6906,15.8955,15.8968,2.4024,2.1024,9984080322.72,4.899,4.374,4.0,2.0,11.0,4.6539,4.308500396825397,3.897491225024736,4.106295238095238,2.674968269564692,8.205991621850133,1.4313269685305463
2016-09-26,26.49,27.7476,4.7475,15.7351,15.8948,2.3781,2.102,9883344086.28,4.899,4.374,4.0,2.0,11.0,4.6539,4.29904880952381,3.890619521816184,4.105637301587302,2.674798933295406,8.189668331339995,1.4308383682918957
2016-09-27,26.75,27.7476,3.7293,15.8895,15.894,2.4015,2.1024,9980349351.0,4.899,4.374,4.0,2.0,11.0,4.6539,4.289603174603175,3.886201134245987,4.107026984126985,2.674555619206078,8.175804308849163,1.432471364920906
2016-09-28,26.85,27.7476,3.343,15.9489,15.8948,2.4104,2.1024,10017659068.2,4.899,4.374,4.0,2.0,11.0,4.6539,4.279509126984126,3.882029201403895,4.101189682539681,2.675420864292846,8.161538328388021,1.425768818246835
2016-09-29,26.59,27.7476,4.3535,15.7945,15.894,2.3871,2.1024,9920653803.48,4.899,4.374,4.0,2.0,11.0,4.6539,4.27142003968254,3.8776077388816974,4.115393650793651,2.671942024453402,8.149027778564237,1.443451626340249
2016-09-30,26.42,27.7476,5.025,15.4232,15.8931,2.3718,2.1024,9857227284.24,4.899,4.4566,4.0,2.0,11.0,4.6539,4.263238492063492,3.8716424948667454,4.133230952380952,2.670440574451164,8.134880986930238,1.462790377929788
2016-10-03,26.31,27.7476,5.4641,15.1451,15.882,2.362,2.102,9816186595.32,4.899,4.4939,4.0,2.0,11.0,4.6539,4.2574708333333335,3.8676741174418976,4.1386134920634925,2.6724493526458617,8.125144950775232,1.4661641394176308
2016-10-04,26.48,27.7476,4.787,14.6209,15.8746,2.3773,2.1024,9879613114.56,4.899,4.4288,4.0,2.0,11.0,4.6539,4.252921031746032,3.865695326871068,4.129695238095239,2.668360224313412,8.1186163586171,1.4613350137818268
2016-10-05,25.77,27.7476,7.674,14.2289,15.8746,2.3135,2.1024,9614714122.44,4.899,4.4288,4.0,2.0,11.0,4.6539,4.253175198412698,3.8659164732069584,4.143689682539683,2.6823627312005134,8.119091671619657,1.4613269513391691
2016-10-06,25.68,27.7476,8.0514,13.8146,15.8746,2.281,2.1024,9581135376.96,4.8938,4.7868,4.0,2.0,11.0,4.6539,4.252658928571428,3.865390755872681,4.159233333333334,2.6993689107494694,8.11804968444411,1.4598644225838644
2016-10-07,26.41,27.7476,5.0647,14.2073,15.8714,2.3459,2.1024,9853496312.52,4.8938,4.7868,4.0,2.0,11.0,4.6539,4.248660119047619,3.863501927509988,4.1481658730158735,2.692714101694944,8.112162046557607,1.4554517713209294
2016-10-10,26.16,27.7476,6.0688,14.0804,15.8634,2.3237,2.102,9760222019.52,4.8938,4.8793,4.0,2.0,11.0,4.6539,4.244913888888889,3.8608135573500175,4.151544444444444,2.694871014844619,8.105727446238907,1.4566734295998254
2016-10-11,25.84,27.7476,7.3824,13.9082,15.8604,2.2952,2.1024,9640830924.48,4.8938,4.8793,4.0,2.0,11.0,4.6539,4.243121230158731,3.8591429061522056,4.168920634920635,2.7086631061783173,8.102264136310936,1.4602575287423178
2016-10-12,26.21,27.7476,5.8665,14.1073,15.8598,2.3281,2.1024,9778876878.12,4.8938,4.8637,4.0,2.0,11.0,4.6539,4.237547619047619,3.8547545635181946,4.174621428571429,2.7114950423590893,8.092302182565813,1.4631263862123398
2016-10-13,26.35,27.7476,5.304,14.1827,15.8558,2.2723,2.1024,9831110482.2,3.2677,4.8466,4.0,2.0,11.0,4.6539,4.231681746031746,3.850868175137943,4.1860388888888895,2.7132108263082566,8.082549921169688,1.472828062580633
2016-10-14,26.64,27.7476,4.1577,14.3388,15.8504,2.2973,2.1024,9939308662.08,3.2677,4.7974,4.0,2.0,11.0,4.6539,4.218746825396825,3.840109735290808,4.189743650793651,2.7128480011825475,8.058856560687634,1.4768956496111034
2016-10-17,26.65,27.7476,4.1186,14.3442,15.8402,2.2981,2.102,9943039633.8,3.2677,4.7974,4.0,2.0,11.0,4.6539,4.203880753968253,3.825911572340669,4.190015873015873,2.712839056646525,8.029792326308922,1.4771768163693473
2016-10-18,26.43,27.7476,4.9852,14.2711,15.8402,2.2792,2.1024,9860958255.96,3.2677,6.7738,4.0,2.0,11.0,4.6539,4.195011507936508,3.81888836234864,4.195070634920635,2.71372955610753,8.013899870285147,1.4813410788131045
2016-10-19,26.28,27.7476,5.5845,14.1901,15.8402,2.2662,2.1024,9804993680.16,3.2677,6.7738,4.0,2.0,11.0,4.6539,4.188760119047619,3.814017141341912,4.18553888888889,2.7066580944028256,8.002777260389532,1.4788807944860642
2016-10-20,26.03,27.7476,6.5985,14.0551,15.84,2.2447,2.1024,9711719387.16,3.2677,6.7738,4.0,2.0,11.0,4.6539,4.188125992063491,3.813588997728684,4.198033333333333,2.714183654596862,8.001714989792175,1.4838496787364712
2016-10-21,25.87,27.7476,7.2578,13.9687,15.839,2.2309,2.1024,9652023839.64,3.2677,6.7738,4.0,2.0,11.0,4.6539,4.1888,3.8141024328914295,4.218926984126984,2.727597932142274,8.002902432891428,1.4913290519847102
2016-10-24,25.93,27.7476,7.0096,14.0011,15.837,2.236,2.1024,9674409669.96,3.2677,6.7738,4.0,2.0,11.0,4.6539,4.1871359126984125,3.8126853227115,4.240646031746032,2.73890387647776,7.999821235409913,1.501742155268272
2016-10-25,25.95,27.7476,6.9272,14.0119,15.8363,2.2378,2.1024,9681871613.4,3.2677,6.7738,4.0,2.0,11.0,4.6539,4.187268253968254,3.812779458180559,4.262753968253968,2.7493206198086284,8.000047712148813,1.5134333484453393
2016-10-26,26.3,27.7476,5.5042,14.2009,15.8356,2.2783,2.1025,9857117573.5,3.2677,6.7738,4.0,2.0,11.0,4.6539,4.186164682539683,3.812316686028995,4.263545238095237,2.749666174897949,7.998481368568678,1.5138790631972885
2016-10-27,25.68,27.9015,8.6507,14.4481,15.8321,2.0014,2.1024,9624744459.6,4.1697,6.2436,4.0,2.0,11.0,4.6539,4.1919771825396825,3.81689225622121,4.28556507936508,2.7736883554522787,8.008869438760893,1.5118767239128013
2016-10-28,25.82,27.9015,8.0616,14.4085,15.8318,2.0123,2.1016,9677215807.9,4.1697,6.2,4.0,2.0,11.0,4.6539,4.196397023809524,3.820085856525162,4.311053968253969,2.793601803368708,8.016482880334687,1.5174521648852606
2016-10-31,25.99,27.9015,7.3548,14.5042,15.824,2.0255,2.1,9740931016.55,4.1697,6.3484,4.0,2.0,11.0,4.6539,4.1980125,3.8212511482229976,4.32635,2.8050167024031727,8.019263648222998,1.521333297596827
2016-11-01,25.68,27.9015,8.6507,14.3312,15.8234,2.0014,2.1,9624744459.6,4.1697,6.3484,4.0,2.0,11.0,4.6539,4.20244623015873,3.825124293024088,4.349084920634921,2.828453774063059,8.027570523182817,1.5206311465718616
2016-11-02,25.77,27.9015,8.2712,14.3814,15.8234,2.0084,2.1,9658476040.65,4.1697,6.3484,4.0,2.0,11.0,4.6539,4.206463888888889,3.828337351678385,4.370588888888889,2.8479791156039616,8.034801240567274,1.5226097732849275
2016-11-03,25.94,27.9271,7.6604,14.4876,15.8208,2.0216,2.1,9722191249.3,4.1697,6.3181,4.0,2.0,11.0,4.6539,4.210496031746031,3.830907083053573,4.383404761904762,2.85918817879095,8.041403114799603,1.524216583113812
2016-11-04,25.73,27.9271,8.5391,14.3191,15.818,2.0053,2.0998,9643484226.85,4.1697,6.3472,4.0,2.0,11.0,4.6539,4.216271626984127,3.83524053805494,4.404269841269842,2.879935805514412,8.051512165039066,1.5243340357554302
2016-11-07,26.17,27.9271,6.7142,14.5851,15.8048,1.9605,2.0979,9808394178.65,4.1697,6.1697,4.0,2.0,11.0,4.6539,4.219747817460317,3.836711685644684,4.424044444444444,2.887223279888421,8.056459503105,1.5368211645560228
2016-11-08,26.27,28.081,6.8938,14.6514,15.8042,1.968,2.0978,9845873713.15,4.1697,8.4979,5.0,3.0,11.2379,4.6539,4.224993452380952,3.838560014270675,4.449384920634921,2.894827288114363,8.063553466651626,1.5545576325205586
2016-11-09,26.41,28.081,6.3271,14.7295,15.804,1.9785,2.0974,9898345061.45,4.1697,8.4979,5.0,3.0,11.2379,4.6539,4.228356150793651,3.839659728219501,4.46781746031746,2.8993631014023515,8.068015879013151,1.5684543589151083
2016-11-10,26.67,28.081,5.2906,14.8745,15.799,1.9979,2.0964,9995791851.15,4.1697,8.4979,5.0,3.0,11.2379,4.6539,4.229879563492064,3.839929088839397,4.478023809523809,2.8999828613957934,8.069808652331462,1.5780409481280158
2016-11-11,27.04,28.081,3.8499,15.0809,15.7945,2.0257,2.0957,10134466128.8,4.1697,8.4979,5.0,3.0,11.2379,4.6539,4.228869642857143,3.839962022992256,4.4809198412698406,2.899165343364179,8.068831665849398,1.5817544979056617
2016-11-14,27.13,28.081,3.5053,15.1311,15.7851,2.0324,2.0952,10168197709.85,4.1697,8.4776,5.0,3.0,11.2379,4.6539,4.227823015873017,3.840087456460631,4.467878571428572,2.8998340675455734,8.067910472333647,1.5680445038829984
2016-11-15,27.03,28.081,3.8883,15.0753,15.7799,2.0249,2.0949,10130718175.35,4.1697,8.4776,5.0,3.0,11.2379,4.6539,4.226455555555555,3.8400854009836354,4.466264285714285,2.9001017569311336,8.06654095653919,1.566162528783151
2016-11-16,26.8,28.081,4.7799,14.947,15.7797,2.0077,2.0942,10044515246.0,4.1697,8.4776,5.0,3.0,11.2379,4.6539,4.225435317460317,3.83986948465536,4.466503968253968,2.9001266170815523,8.065304802115676,1.5663773511724155
2016-11-17,26.87,28.081,4.5069,14.9861,15.7788,2.0129,2.0926,10070750920.15,4.1697,8.4776,5.0,3.0,11.2379,4.6539,4.224093253968254,3.8396522354373936,4.465276984126985,2.9000761618734763,8.063745489405648,1.5652008222535083
2016-11-18,26.95,28.081,4.1967,15.0307,15.776,2.0189,2.0914,10100734547.75,4.1697,8.4776,5.0,3.0,11.2379,4.6539,4.223120238095238,3.839596806821423,4.4556,2.898912455773848,8.062717044916662,1.5566875442261523
2016-11-21,26.96,28.081,4.158,15.0363,15.7696,2.0197,2.091,10104482501.2,4.1697,8.4776,5.0,3.0,11.2379,4.6539,4.221743253968255,3.839495267332253,4.458196825396826,2.898494808439477,8.061238521300508,1.559702016957348
2016-11-22,26.99,28.081,4.0422,15.053,15.7678,2.0219,2.0906,10115726361.55,4.1697,8.4776,5.0,3.0,11.2379,4.6539,4.219369246031746,3.839235116808252,4.458495238095238,2.898449670257861,8.058604362839997,1.5600455678373764
2016-11-23,27.2,28.2222,3.7581,15.1498,15.766,2.0376,2.0901,10194433384.0,3.6626,8.491,5.0,3.0,11.2379,4.6539,4.218393253968253,3.839289838370616,4.458605555555556,2.8984225304757847,8.05768309233887,1.560183025079771
2016-11-25,27.38,28.2222,3.076,15.2501,15.7605,2.0511,2.0895,10261896546.1,3.6626,8.491,5.0,3.0,11.2379,4.6539,4.214978571428571,3.839539524352186,4.456384126984127,2.899381537429456,8.054518095780757,1.557002589554671
2016-11-28,27.21,28.2222,3.72,15.1554,15.757,2.0384,2.0881,10198181337.45,3.6626,8.491,5.0,3.0,11.2379,4.6539,4.21273253968254,3.839497237575312,4.465030952380952,2.89551466992572,8.052229777257851,1.569516282455233
2016-11-29,27.46,28.2222,2.7757,15.2946,15.7562,2.0571,2.088,10291880173.7,3.6626,8.491,5.0,3.0,11.2379,4.6539,4.209266071428571,3.840005384411024,4.464498412698412,2.8958215698344096,8.049271455839595,1.5686768428640026
2016-11-30,27.57,28.2222,2.3656,15.3457,15.7554,2.0654,2.0879,10333107661.65,3.6626,8.5507,5.0,3.0,11.3343,4.6539,4.203785317460317,3.8406628603382846,4.462396031746032,2.897259516147093,8.044448177798602,1.565136515598938
2016-12-01,27.77,28.2222,1.6284,15.457,15.7518,2.0803,2.0875,10408066730.65,3.6626,8.5507,5.0,3.0,11.3343,4.6539,4.19822003968254,3.8423614548499656,4.448685714285714,2.906609851293264,8.040581494532505,1.5420758629924505
2016-12-02,27.7,28.2222,1.8852,15.418,15.7486,2.0751,2.0873,10381831056.5,3.6626,8.5507,5.0,3.0,11.3343,4.6539,4.194770436507937,3.8436584071679545,4.431865079365079,2.915319811871685,8.038428843675891,1.516545267493394
2016-12-05,27.98,28.2222,0.8656,15.5739,15.7473,2.0961,2.0846,10486773753.1,3.6626,8.5507,5.0,3.0,11.3343,4.6539,4.190144444444445,3.846263671836475,4.404874603174604,2.93255558092095,8.03640811628092,1.4723190222536542
2016-12-06,28.15,28.2222,0.2565,15.6685,15.7438,2.1088,2.086,10550488961.75,3.6626,8.5507,5.0,3.0,11.3343,4.6539,4.183424007936508,3.850177614435812,4.379934920634921,2.95445959307139,8.03360162237232,1.4254753275635306
2016-12-07,28.29,28.3333,0.1531,15.7464,15.7436,2.1193,2.086,10602960310.05,3.6626,8.5507,5.0,3.0,11.3343,4.6539,4.176286111111112,3.854314133132407,4.351090476190476,2.9779378877990963,8.03060024424352,1.373152588391379
2016-12-08,28.75,28.3333,-1.4494,16.1028,15.7466,2.1537,2.086,10775366168.75,3.6963,8.5234,5.0,3.0,11.3343,4.6539,4.163106547619048,3.862179057993121,4.305380158730158,3.022442719285834,8.025285605612169,1.2829374394443245
2016-12-09,28.73,28.7777,0.166,16.07,15.7466,2.1501,2.086,10767870261.85,5.9069,8.5305,5.0,3.0,11.3343,4.6539,4.1523771825396825,3.8657624886255313,4.257997619047619,3.040256150378626,8.018139671165214,1.2177414686689931
2016-12-12,29.3,28.7777,-1.7826,16.4238,15.748,2.1927,2.0846,10981503608.5,5.9069,8.5203,5.0,3.0,11.3343,4.6539,4.137997817460317,3.874340829816287,4.187528571428572,3.07662243975076,8.012338647276604,1.1109061316778113
2016-12-13,29.13,28.7777,-1.2094,16.3285,15.7482,2.18,2.0846,10917788399.85,5.9069,8.5203,5.0,3.0,11.3343,4.6539,4.123341865079365,3.8805776361864375,4.111604761904761,3.090911494141805,8.003919501265802,1.0206932677629563
2016-12-14,28.82,28.7777,-0.1468,16.1547,15.7486,2.1568,2.086,10801601842.9,5.9069,8.5203,5.0,3.0,11.3343,4.6539,4.110135119047619,3.8837662274293376,4.053384920634921,3.1015530495820283,7.993901346476957,0.9518318710528924
2016-12-15,28.88,29.0555,0.6077,16.1666,15.7491,2.1613,2.0873,10824089563.6,5.9069,8.5274,5.0,3.0,11.3343,4.6539,4.098425396825397,3.885414549018335,3.99412619047619,3.0954372100673213,7.983839945843732,0.8986889804088687
2016-12-16,28.94,29.0555,0.3991,16.2002,15.7545,2.1658,2.0873,10846577284.3,5.9069,8.5274,5.0,3.0,11.3343,4.6539,4.088374801587301,3.888423996439086,3.940238888888889,3.09847470836803,7.976798798026387,0.8417641805208591
2016-12-19,29.03,29.0555,0.0878,16.2506,15.7562,2.1725,2.0846,10880308865.35,5.9069,8.5274,5.0,3.0,11.3343,4.6539,4.080267460317461,3.892502930290308,3.8871698412698414,3.1067945955218814,7.972770390607769,0.78037524574796
2016-12-20,29.04,29.0555,0.0534,16.2562,15.757,2.1733,2.086,10884056818.8,5.9069,8.5274,5.0,3.0,11.3343,4.6539,4.072091865079365,3.8966309236649,3.8356444444444446,3.116174076589703,7.968722788744265,0.7194703678547416
2016-12-21,29.03,29.0555,0.0878,16.2506,15.7577,2.1725,2.0873,10880308865.35,5.9069,8.5274,5.0,3.0,11.3343,4.6539,4.064300198412699,3.900669814716336,3.7947738095238095,3.131374492996545,7.964970013129035,0.663399316527264
2016-12-22,29.03,29.0555,0.0878,16.2506,15.7577,2.1725,2.0873,10880308865.35,5.9069,8.5274,5.0,3.0,11.3343,4.6539,4.059409523809523,3.904112563858877,3.731768253968254,3.1254084443389045,7.963522087668401,0.6063598096293497
2016-12-23,29.08,29.0555,-0.0843,16.2785,15.7633,2.1762,2.0873,10899048632.6,5.9069,8.5274,5.0,3.0,11.3343,4.6539,4.053356944444444,3.908173241879126,3.648733333333333,3.086152490957116,7.961530186323571,0.5625808423762177
2016-12-27,28.9,29.0555,0.5381,16.1778,15.7738,2.1628,2.0846,10831585470.5,5.9069,8.5274,5.0,3.0,11.3343,4.6539,4.047712103174603,3.911196708654457,3.58630873015873,3.0687045236457657,7.95890881182906,0.5176042065129645
2016-12-28,28.67,29.0555,1.3446,16.049,15.776,2.1456,2.086,10745382541.15,5.9069,8.5274,5.0,3.0,11.3343,4.6539,4.044288492063492,3.912809012728048,3.544316666666667,3.0628396398833573,7.95709750479154,0.4814770267833097
2016-12-29,28.7,29.0555,1.2387,16.0658,15.7788,2.1478,2.086,10756626401.5,5.9069,8.5274,5.0,3.0,11.3343,4.6539,4.041169246031746,3.9144205884608616,3.5219285714285715,3.0693458966721163,7.955589834492608,0.4525826747564552
2016-12-30,28.76,29.0833,1.1241,16.0994,15.7797,2.1523,2.086,10779114122.2,5.9069,8.5274,5.0,3.0,11.3343,4.6539,4.036062301587301,3.9165476338984737,3.4930880952380954,3.074706405564271,7.952609935485775,0.4183816896738244
2017-01-03,28.63,29.0833,1.5833,16.0266,15.7903,2.1426,2.0846,10730390727.35,5.9069,8.5274,5.0,3.0,11.3343,4.6539,4.029756349206349,3.917935630676247,3.4605031746031747,3.073003628528717,7.947691979882595,0.3874995460744581
2017-01-04,28.83,29.0833,0.8786,16.2817,15.7903,2.1575,2.0846,10805349796.35,5.9069,7.7997,6.0,3.0,11.3343,4.6539,4.02076507936508,3.9199606133416367,3.4205468253968254,3.073589100961718,7.9407256927067165,0.3469577244351076
2017-01-05,28.54,29.5384,3.4982,15.9906,15.7945,2.1358,2.0846,10696659146.3,5.9069,8.749,6.0,3.0,11.3343,4.6539,4.017402182539682,3.919679888141637,3.398731746031746,3.063105012673406,7.937082070681319,0.3356267333583398
2017-01-06,28.82,29.5384,2.4927,16.0772,15.799,2.177,2.0846,10801601842.9,5.8189,8.818,7.0,3.0,11.3343,4.6539,4.013325992063492,3.920196126182013,3.369354761904762,3.053816041207781,7.933522118245505,0.3155387206969808
2017-01-09,28.41,29.8204,4.9644,15.8485,15.8042,2.146,2.0875,10647935751.45,5.8189,9.9695,7.0,3.0,11.3343,4.6539,4.017701587301587,3.9200241550708936,3.3592373015873016,3.046334599580007,7.93772574237248,0.3129027020072947
2017-01-10,28.77,29.8204,3.651,16.0493,15.8048,2.1732,2.0877,10782862075.65,5.8189,9.9695,7.0,3.0,11.3343,4.6539,4.017608333333333,3.920032334650013,3.335465873015873,3.0321333916348165,7.937640667983347,0.3033324813810565
2017-01-11,28.79,29.8204,3.579,16.1905,15.8054,2.1747,2.0879,10790357982.55,5.8189,9.5459,7.0,3.0,10.4204,4.6539,4.016743650793651,3.920081019525153,3.310761904761905,3.01721357334511,7.936824670318805,0.2935483314167948
2017-01-12,29.05,29.8204,2.652,16.3202,15.8116,2.1944,2.088,10887804772.25,5.8189,9.6039,7.0,3.0,10.4204,4.6539,4.012241865079365,3.920343413632063,3.276531746031746,2.9998401222906788,7.932585278711428,0.2766916237410672
2017-01-13,29.01,29.8204,2.7935,16.2978,15.818,2.1914,2.0886,10872812958.45,5.8189,9.6039,7.0,3.0,10.4204,4.6539,4.007066468253968,3.920226948116403,3.239784126984127,2.9769034397888787,7.927293416370372,0.2628806871952482
2017-01-17,28.92,30.0256,3.823,16.4197,15.8247,2.1846,2.0899,10839081377.4,5.8189,9.3783,7.0,3.0,10.4204,4.6539,4.00478253968254,3.919997742606532,3.2045753968253967,2.9431040292777064,7.924780282289072,0.2614713675476903
2017-01-18,29.36,30.0256,2.267,16.3602,15.8262,2.2178,2.0901,11003991329.2,5.8189,9.4551,7.0,3.0,10.4204,4.6539,3.999594047619048,3.920564913372096,3.154036507936508,2.9035171246364886,7.920158960991143,0.2505193833000194
2017-01-19,29.23,30.0256,2.7219,16.2878,15.83,2.208,2.091,10955267934.35,5.8189,9.4551,7.0,3.0,10.4204,4.6539,3.993501388888889,3.920158948858073,3.1067341269841267,2.860975912241637,7.913660337746962,0.2457582147424895
2017-01-20,29.16,30.0256,2.9684,16.2279,15.8338,2.2027,2.0912,10929032260.2,5.8189,9.4614,7.0,3.0,10.4204,4.6539,3.9873136904761903,3.919309091894144,3.064,2.82193504441205,7.906622782370334,0.2420649555879501
2017-01-23,29.23,30.0256,2.7219,16.2669,15.839,2.208,2.0934,10955267934.35,5.8189,9.4614,7.0,3.0,10.4204,4.6539,3.983304365079365,3.9195684690992327,3.0321333333333333,2.802730229073223,7.902872834178598,0.2294031042601103
2017-01-24,29.38,30.0256,2.1974,16.3504,15.8399,2.2193,2.0942,11011487236.1,5.8189,9.4614,7.0,3.0,10.4204,4.6539,3.9773097222222233,3.919985668448232,2.99393253968254,2.780785510975908,7.897295390670455,0.2131470287066323
2017-01-25,29.56,30.0256,1.5751,16.4506,15.84,2.2329,2.0949,11078950398.2,5.8189,9.4614,7.0,3.0,10.4204,4.6539,3.97123373015873,3.921333548377039,2.9438436507936507,2.748610867576604,7.892567278535769,0.195232783217047
2017-01-26,29.67,30.0256,1.1985,16.5118,15.8402,2.2412,2.0956,11120177886.15,5.8189,9.4614,7.0,3.0,10.4204,4.6539,3.9648267857142856,3.92322393056533,2.888176984126984,2.711832961527476,7.888050716279615,0.1763440225995083
2017-01-27,29.66,30.0256,1.2326,16.5062,15.8402,2.2405,2.0956,11116429932.7,5.8189,9.4614,7.0,3.0,10.4204,4.6539,3.9563892857142857,3.924520462988776,2.85953253968254,2.71009322369057,7.880909748703061,0.1494393159919695
2017-01-30,29.47,30.0256,1.8853,16.4005,15.8486,2.2261,2.0961,11045218817.15,5.8189,9.4614,7.0,3.0,10.4204,4.6539,3.948502380952381,3.9246808380137743,2.8376714285714284,2.706725284201925,7.8731832189661555,0.1309461443695032
2017-01-31,29.45,30.0256,1.9545,16.3893,15.8486,2.2246,2.0965,11037722910.25,5.8189,9.4614,7.0,3.0,10.4204,4.6539,3.9368390873015873,3.9218480946886425,2.821811904761905,2.705993360630804,7.85868718199023,0.1158185441311006
2017-02-01,29.68,30.0256,1.1644,16.5173,15.8504,2.242,2.0969,11123925839.6,5.8189,9.4614,7.0,3.0,10.4204,4.6539,3.926879563492064,3.922503665979311,2.807395238095238,2.709974945710383,7.849383229471375,0.0974202923848546
2017-02-02,29.98,30.0256,0.1521,16.6843,15.8558,2.2646,2.0969,11236364443.1,5.8189,9.4614,7.0,3.0,10.4204,4.6539,3.9175623015873016,3.9258870557569474,2.783954761904762,2.720129351442316,7.843449357344249,0.0638254104624458
2017-02-03,30.21,30.111,-0.3277,16.8123,15.8598,2.282,2.0969,11322567372.45,5.8189,9.8197,6.0,3.0,10.4204,4.6539,3.907890476190477,3.93033555358898,2.7590261904761904,2.7342146143178714,7.838226029779456,0.0248115761583189
2017-02-06,30.39,30.111,-0.9181,16.9125,15.8672,2.2956,2.0961,11390030534.55,5.8189,9.8197,6.0,3.0,10.4204,4.6539,3.89910615079365,3.936171590103928,2.7336857142857145,2.7534662766111992,7.835277740897578,-0.0197805623254847
2017-02-07,30.43,30.111,-1.0483,16.9347,15.8682,2.2986,2.0965,11405022348.35,5.8189,9.8197,6.0,3.0,10.4204,4.6539,3.888523214285714,3.9422962130171832,2.706657142857143,2.7738302302609346,7.830819427302898,-0.0671730874037916
2017-02-08,30.67,30.111,-1.8226,17.0683,15.8788,2.3168,2.0969,11494973231.15,5.8189,9.8197,6.0,3.0,10.4204,4.6539,3.875573015873016,3.950323168155825,2.67869126984127,2.8016727147052767,7.825896184028841,-0.1229814448640067
2017-02-09,30.95,30.111,-2.7108,17.2241,15.8788,2.3379,2.0969,11599915927.75,5.8189,9.8197,6.0,3.0,10.4204,4.6539,3.862823214285714,3.961197068601719,2.646576190476191,2.840118711559331,7.8240202828874335,-0.19354252108314
2017-02-10,31.0,30.111,-2.8677,17.2519,15.8788,2.3417,2.0969,11618655695.0,5.8189,9.8197,6.0,3.0,10.4204,4.6539,3.8461613095238096,3.971818026348184,2.612894444444444,2.8801871206520167,7.817979335871993,-0.2672926762075724
2017-02-13,31.07,30.2499,-2.6395,17.2372,15.8788,2.1745,2.0969,11691086866.55,10.1696,9.8012,6.0,3.0,10.4204,4.6539,3.827157142857143,3.979898255958529,2.5774738095238097,2.917178297963537,7.807055398815671,-0.3397044884397271
2017-02-14,31.0,31.3888,1.2542,15.6101,15.8682,2.5349,2.0974,11664747115.0,3.2213,13.2702,3.0,3.0,10.4204,4.6539,3.817152976190476,3.9800163926342194,2.589123015873016,2.908862340673222,7.797169368824695,-0.319739324800206
2017-02-15,31.03,31.5555,1.6935,15.5859,15.8672,2.5373,2.0978,11676035579.95,3.2213,13.272,3.0,3.0,10.4204,4.6539,3.805780158730159,3.977874219200545,2.620420634920635,2.8774247117677394,7.783654377930704,-0.2570040768471044
2017-02-16,31.35,31.6944,1.0986,15.7919,15.8672,2.5635,2.0978,11796445872.75,3.2213,13.4913,4.0,3.0,10.4204,4.6539,3.795888690476191,3.9783963782004497,2.6426238095238097,2.854530503334906,7.77428506867664,-0.2119066938110965
2017-02-17,31.34,31.8888,1.7511,15.7456,15.8672,2.5627,2.0978,11792683051.1,3.2213,13.2338,5.0,3.0,10.4204,4.6539,3.787606746031746,3.978299587990221,2.66976507936508,2.829356864457302,7.765906334021967,-0.1595917850922226
2017-02-21,31.22,31.8888,2.1422,15.6853,15.8788,2.5529,2.0982,11747529191.3,3.2213,13.2338,5.0,3.0,10.4204,4.6539,3.779680753968254,3.9775890405162615,2.693766666666667,2.81175850661483,7.7572697944845155,-0.1179918399481629
2017-02-22,31.39,31.8888,1.589,15.7707,15.8682,2.5668,2.099,11811497159.35,3.2213,13.2338,5.0,3.0,10.4204,4.6539,3.768959722222223,3.976194199881784,2.712486507936508,2.7963247178926425,7.745153922104006,-0.0838382099561343
2017-02-23,31.52,31.9166,1.2582,15.836,15.8682,2.5774,2.099,11860413840.8,3.2213,13.2338,5.0,3.0,10.4204,4.6539,3.757153571428572,3.9747947783160615,2.7252976190476192,2.785832229104104,7.731948349744633,-0.0605346100564849
2017-02-24,31.51,32.0555,1.7312,15.831,15.8682,2.5674,2.099,11856651019.15,4.6189,13.2338,5.0,3.0,10.4204,4.6539,3.744225992063492,3.9707574172065785,2.7439555555555555,2.771083555797216,7.71498340927007,-0.0271280002416607
2017-02-27,31.37,32.1388,2.4507,15.5783,15.8895,2.5645,2.102,11803971516.05,4.5695,13.2236,5.0,3.0,10.4204,4.6539,3.732835515873016,3.966206040644801,2.7695142857142856,2.753210378121356,7.699041556517816,0.0163039075929294
2017-02-28,31.52,32.1388,1.9632,15.6528,15.8788,2.5767,2.1024,11860413840.8,4.5695,13.2236,5.0,3.0,10.4204,4.6539,3.7214573412698417,3.963033199530637,2.78911746031746,2.7384497963069454,7.684490540800478,0.0506676640105148
2017-03-01,31.91,32.1388,0.717,15.8465,15.8682,2.6086,2.1024,12007163885.15,4.5695,13.2236,5.0,3.0,10.4204,4.6539,3.709326388888889,3.962853437696872,2.793534920634921,2.734621681163895,7.672179826585761,0.0589132394710261
2017-03-02,31.53,32.1388,1.9309,15.6577,15.8682,2.5775,2.1028,11864176662.45,4.5695,13.2236,5.0,3.0,10.4204,4.6539,3.699069444444444,3.960748444079111,2.816192063492063,2.7153336478483374,7.6598178885235555,0.1008584156437257
2017-03-03,31.55,32.1388,1.8662,15.6397,15.8682,2.5792,2.1032,11871702305.75,4.5695,13.3036,6.0,3.0,11.8855,4.6539,3.688147023809524,3.958191591243781,2.843873015873016,2.6873653168683416,7.646338615053304,0.1565076990046745
2017-03-06,31.36,32.1388,2.4834,15.5455,15.8895,2.5636,2.1038,11800208694.4,4.5695,13.3036,6.0,3.0,11.8855,4.6539,3.6804761904761913,3.95676965710064,2.8743055555555554,2.661062933350081,7.63724584757683,0.2132426222054744
2017-03-07,31.33,32.1388,2.5816,15.5307,15.8788,2.5612,2.1043,11788920229.45,4.5695,13.3036,6.0,3.0,11.8855,4.6539,3.672894444444444,3.955203595814341,2.908678571428572,2.628634848513196,7.628098040258785,0.280043722915376
2017-03-08,31.31,32.1388,2.6471,15.5207,15.8682,2.5595,2.1044,11781394586.15,4.5695,13.3036,6.0,3.0,11.8855,4.6539,3.667640674603175,3.9548032463886647,2.925153968253968,2.6203596117374754,7.62244392099184,0.3047943565164925
2017-03-09,31.4,32.1388,2.3529,15.5654,15.8682,2.5669,2.1049,11815259981.0,4.5695,13.3036,6.0,3.0,11.8855,4.6539,3.6592873015873018,3.9531214316533374,2.9430373015873017,2.608584266938353,7.61240873324064,0.3344530346489485
2017-03-10,31.7,32.1388,1.3842,15.7141,15.8682,2.5914,2.1056,11928144630.5,4.5695,13.3036,6.0,3.0,11.8855,4.6539,3.6523531746031743,3.954042681372196,2.9451261904761905,2.607218577294473,7.60639585597537,0.3379076131817173
2017-03-13,31.76,32.1388,1.1927,15.7438,15.8788,2.5963,2.1058,11950721560.4,4.5695,13.3036,6.0,3.0,11.8855,4.6539,3.647375992063492,3.955559578960056,2.928365873015873,2.6116738575915024,7.602935571023547,0.3166920154243704
2017-03-14,31.69,32.1388,1.4162,15.7091,15.8682,2.5906,2.1065,11924381808.85,4.5695,13.3036,6.0,3.0,11.8855,4.6539,3.643143253968254,3.956805718886374,2.9209396825396823,2.614654740254159,7.599948972854628,0.3062849422855231
2017-03-15,31.88,32.1388,0.8118,15.8033,15.8672,2.6061,2.1072,11995875420.2,4.5695,13.3036,6.0,3.0,11.8855,4.6539,3.639597222222222,3.958543774815344,2.9063126984126986,2.6213021324216537,7.598140997037566,0.2850105659910449
2017-03-16,31.83,32.1388,0.9702,15.7785,15.8672,2.6021,2.1086,11977061311.95,4.5695,13.3036,6.0,3.0,11.8855,4.6539,3.6362670634920633,3.9600848013173433,2.888396031746032,2.6267971438816846,7.596351864809407,0.2615988878643467
2017-03-17,31.87,32.1388,0.8434,15.7983,15.8672,2.6053,2.1088,11992112598.55,4.5695,13.3036,6.0,3.0,11.8855,4.6539,3.634828174603175,3.9609692288339087,2.870386507936508,2.633019222910717,7.595797403437084,0.2373672850257904
2017-03-20,31.73,32.1388,1.2884,15.7289,15.8628,2.5939,2.1088,11939433095.45,4.5695,13.3036,6.0,3.0,11.8855,4.6539,3.631833531746032,3.9621737485682567,2.847924603174603,2.63435738081808,7.594007280314289,0.2135672223565237
2017-03-21,31.2,32.1388,3.009,15.4662,15.8593,2.5506,2.1089,11740003548.0,4.5695,13.3036,6.0,3.0,11.8855,4.6539,3.63459503968254,3.961251734822624,2.844356349206349,2.6338280396260147,7.595846774505164,0.2105283095803343
2017-03-22,31.21,32.1388,2.976,15.4712,15.8558,2.5514,2.109,11743766369.65,4.5695,13.3036,6.0,3.0,11.8855,4.6539,3.636742460317461,3.960599415186684,2.845697619047619,2.633851895106317,7.597341875504144,0.2118457239413023
2017-03-23,31.22,32.1388,2.943,15.4761,15.8558,2.5522,2.113,11747529191.3,4.5695,13.3036,6.0,3.0,11.8855,4.6539,3.6386305555555554,3.9600402725650063,2.8527785714285714,2.6328969042820485,7.598670828120562,0.2198816671465229
2017-03-24,31.07,32.1388,3.44,15.4018,15.8558,2.5399,2.1138,11691086866.55,4.5695,13.3036,6.0,3.0,11.8855,4.6539,3.639058531746032,3.960007060916864,2.8649944444444446,2.6320152381112347,7.599065592662896,0.2329792063332099
2017-03-27,31.1,32.1388,3.3402,15.4166,15.8628,2.5424,2.1154,11702375331.5,4.5695,13.3036,6.0,3.0,11.8855,4.6539,3.6388918650793647,3.960017889404885,2.8622134920634923,2.631320958069798,7.598909754484249,0.2308925339936944
2017-03-28,31.41,32.3888,3.1162,15.5341,15.8593,2.5677,2.1154,11819022802.65,4.5695,13.311,6.0,3.0,11.8855,4.6539,3.63788253968254,3.960086290610104,2.849266666666667,2.625978418525341,7.597968830292643,0.2232882481413258
2017-03-29,31.48,32.3888,2.8869,15.5687,15.8558,2.5734,2.1155,11845362554.2,4.5695,13.5451,6.0,3.0,12.3557,4.6539,3.6394,3.9596508125510064,2.8425809523809527,2.624792041094901,7.599050812551006,0.2177889112860516
2017-03-30,31.76,32.3888,1.9798,15.6754,15.8558,2.5963,2.1155,11950721560.4,4.5695,13.5454,6.0,3.0,12.3557,4.6539,3.634874603174603,3.9602427389945616,2.8317619047619043,2.6255222422935205,7.595117342169164,0.2062396624683837
2017-03-31,31.59,32.3888,2.5286,15.6844,15.8558,2.5719,2.1163,11886753592.35,4.6322,13.5412,6.0,3.0,12.3557,4.6539,3.632241071428572,3.9605367779158622,2.8172785714285715,2.6220917913333994,7.592777849344434,0.1951867800951721
2017-04-03,31.4,32.3888,3.149,15.5901,15.8628,2.5565,2.1173,11815259981.0,4.6322,13.5446,6.0,3.0,12.3557,4.6539,3.631138095238095,3.960593909112572,2.802389682539683,2.614771491227016,7.591732004350668,0.1876181913126666
2017-04-04,31.89,32.4721,1.8253,15.8334,15.8593,2.5964,2.1174,11999638241.85,4.6322,13.5446,6.0,3.0,12.3557,4.6539,3.627806547619048,3.9614068538043954,2.773510317460317,2.6052157839483385,7.589213401423443,0.1682945335119785
2017-04-05,31.59,32.4721,2.7923,15.6844,15.8558,2.5719,2.1174,11886753592.35,4.6322,13.5446,6.0,3.0,12.3557,4.6539,3.625496031746032,3.961554183079056,2.757679365079365,2.598935619774305,7.587050214825087,0.1587437453050597
2017-04-06,31.46,32.4721,3.2171,15.7308,15.8558,2.5614,2.1175,11837836910.9,4.6322,13.5336,6.0,3.0,12.3557,4.6539,3.625025396825397,3.961588651298507,2.722307142857144,2.561548754552493,7.586614048123904,0.1607583883046501
2017-04-07,31.26,32.4721,3.8775,15.6308,15.8558,2.5451,2.1175,11762580477.9,4.6322,13.5336,6.0,3.0,12.3557,4.6539,3.626950595238096,3.9614748837562654,2.6891809523809527,2.518711539171397,7.5884254789943615,0.1704694132095561
2017-04-10,31.42,32.2423,2.6171,15.8767,15.8672,2.5922,2.1193,11822785624.3,4.6749,13.54,6.0,3.0,12.3557,4.6539,3.6281267857142856,3.961086083449044,2.669755555555556,2.509666171443873,7.58921286916333,0.1600893841116821
2017-04-11,31.58,32.2423,2.0972,15.9576,15.8682,2.6054,2.1194,11882990770.7,4.6749,13.54,6.0,3.0,12.3557,4.6539,3.627981547619048,3.961140980660075,2.6382349206349205,2.491509046158905,7.589122528279122,0.1467258744760156
2017-04-12,31.31,32.2423,2.9776,15.8211,15.8672,2.5832,2.1196,11781394586.15,4.6749,13.54,6.0,3.0,12.3557,4.6539,3.629873015873016,3.960601257257784,2.60327619047619,2.4550458179491144,7.5904742731308,0.1482303725270757
2017-04-13,31.02,32.2423,3.9404,15.6754,15.8672,2.5592,2.1208,11672272758.3,4.6749,13.5384,6.0,3.0,12.3557,4.6539,3.632314880952381,3.960412189594377,2.5879896825396824,2.440518097677942,7.592727070546758,0.1474715848617402
2017-04-17,31.58,32.2423,2.0972,15.9503,15.8831,2.6054,2.1218,11882990770.7,4.6749,13.5355,6.0,3.0,12.3557,4.6539,3.630067460317461,3.960962351734916,2.5625388888888887,2.42865991032018,7.591029812052376,0.1338789785687093
2017-04-18,31.58,32.4545,2.7692,15.9503,15.8895,2.6054,2.1218,11882990770.7,4.6749,13.5366,6.0,3.0,12.3557,4.6539,3.626559325396825,3.960940221975061,2.551519047619048,2.4245106537928747,7.587499547371886,0.127008393826173
2017-04-19,31.72,32.4545,2.3156,16.021,15.8908,2.617,2.1222,11935670273.8,4.6749,13.5366,6.0,3.0,12.3557,4.6539,3.623655753968254,3.961364603742477,2.537209523809524,2.42050507755498,7.58502035771073,0.1167044462545443
2017-04-20,31.71,32.4545,2.3478,16.016,15.8922,2.6162,2.1226,11931907452.15,4.6749,13.5366,6.0,3.0,12.3557,4.6539,3.619109325396826,3.9615116626375,2.5162777777777783,2.410549509166549,7.580620988034326,0.1057282686112293
2017-04-21,31.66,32.4545,2.5095,15.9907,15.894,2.612,2.1245,11913093343.9,4.6749,13.5353,6.0,3.0,12.3557,4.6539,3.614070833333333,3.961304428838405,2.491873015873016,2.394751979990182,7.575375262171738,0.0971210358828331
2017-04-24,31.87,32.4545,1.834,16.0968,15.8955,2.6294,2.1276,11992112598.55,4.6749,13.5353,6.0,3.0,12.3557,4.6539,3.607589880952381,3.9615398776465134,2.454059523809524,2.366842419839023,7.569129758598894,0.0872171039705005
2017-04-25,32.17,32.6363,1.4495,16.2483,15.8957,2.9423,2.1285,13419504657.82,4.6749,13.5353,6.0,3.0,12.3557,4.6539,3.600243849206349,3.9621032218053447,2.4079619047619043,2.328790842505616,7.562347071011693,0.0791710622562886
2017-04-26,32.5,33.2727,2.3775,16.3819,15.8959,2.8107,2.1294,13557161995.0,5.1356,12.8236,6.0,3.0,12.1671,4.6539,3.5930906746031743,3.961047658603697,2.371199206349207,2.2918357965439498,7.554138333206872,0.0793634098052571
2017-04-27,32.61,33.4242,2.4968,16.2554,15.9048,2.772,2.1297,13603047774.06,6.7969,13.071,7.0,3.0,12.1671,4.6539,3.587104563492064,3.960418888963957,2.336037301587301,2.255068541423594,7.54752345245602,0.0809687601637074
2017-04-28,32.32,33.5151,3.6977,16.1109,15.9081,2.7473,2.1307,13482076174.72,6.7969,13.0809,7.0,3.0,12.1671,4.6539,3.5798077380952384,3.956811730680047,2.3217,2.240460195406488,7.536619468775285,0.0812398045935123
2017-05-01,32.33,33.5151,3.6656,16.1158,15.9322,2.7482,2.1358,13486247609.18,6.7969,13.0809,7.0,3.0,12.1671,4.6539,3.571482341269841,3.952196282787517,2.2821357142857144,2.1707332036699407,7.523678624057357,0.1114025106157736
2017-05-02,32.16,33.5151,4.2136,16.0311,15.9343,2.7337,2.136,13415333223.36,6.7969,13.0809,7.0,3.0,12.1671,4.6539,3.56552876984127,3.9489567170616326,2.251596031746032,2.115128668139366,7.5144854869029025,0.1364673636066657
2017-05-03,32.21,33.5151,4.0518,16.056,15.9364,2.738,2.1362,13436190395.66,6.7969,13.0809,7.0,3.0,12.1671,4.6539,3.560704166666666,3.946869587694627,2.225381746031746,2.071391065246978,7.507573754361293,0.1539906807847684
2017-05-04,32.4,33.5151,3.4417,16.1507,15.9489,2.7541,2.1363,13515447650.4,6.7969,13.0809,7.0,3.0,12.1671,4.6539,3.5535529761904763,3.943806304304978,2.1840404761904764,1.9926103219720248,7.497359280495454,0.1914301542184515
2017-05-05,32.41,33.5151,3.4098,16.1557,15.9503,2.755,2.1366,13519619084.86,6.7969,13.0809,7.0,3.0,12.1671,4.6539,3.547267857142857,3.941501012730847,2.1454579365079365,1.9195278525453583,7.488768869873704,0.2259300839625782
2017-05-08,32.09,33.5151,4.4409,15.9962,15.9576,2.7278,2.1384,13386133182.14,6.7969,13.0809,7.0,3.0,12.1671,4.6539,3.545467261904762,3.940883804243437,2.119906349206349,1.8662167120782769,7.486351066148199,0.2536896371280728
2017-05-09,31.79,33.5151,5.4265,15.8467,15.954,2.7023,2.1391,13260990148.34,6.7969,13.0809,7.0,3.0,12.1671,4.6539,3.5464228174603174,3.941282169878157,2.0952031746031743,1.7999916119778812,7.487704987338475,0.2952115626252931
2017-05-10,31.82,33.5151,5.3272,15.8616,15.9503,2.7048,2.1398,13273504451.72,6.7969,13.0809,7.0,3.0,12.1671,4.6539,3.547876587301587,3.941804625303359,2.084195238095238,1.7755937129811066,7.489681212604946,0.3086015251141314
2017-05-11,31.77,33.606,5.779,15.8446,15.9503,2.7006,2.1411,13252647279.42,6.7969,13.1522,7.0,3.0,12.3537,4.6539,3.5475676587301583,3.9416232895225423,2.075347619047619,1.7540833506635811,7.4891909482527,0.3212642683840381
2017-05-12,31.73,33.606,5.9124,15.8246,15.9503,2.6972,2.1415,13235961541.58,6.7969,13.1522,7.0,3.0,12.3537,4.6539,3.5474224206349207,3.94153462367835,2.072056349206349,1.7464140583722565,7.4889570443132705,0.325642290834093
2017-05-15,31.89,33.606,5.381,15.9044,15.9576,2.7108,2.1427,13302704492.94,6.7969,13.1522,7.0,3.0,12.3537,4.6539,3.5494045634920632,3.942206289869615,2.07277380952381,1.7477649221876097,7.491610853361678,0.3250088873362002
2017-05-16,31.77,33.606,5.779,15.8446,15.954,2.7006,2.1428,13252647279.42,6.7969,13.1522,7.0,3.0,12.3537,4.6539,3.550994444444445,3.94294497451038,2.088084126984127,1.7717419176581335,7.493939418954824,0.3163422093259933
2017-05-17,31.48,33.606,6.7535,15.7,15.9503,2.6759,2.1429,13131675680.08,6.7969,13.1522,7.0,3.0,12.3537,4.6539,3.5582148809523813,3.94547508206269,2.113863492063492,1.8156156988794168,7.503689963015072,0.2982477931840745
2017-05-18,31.75,33.606,5.8457,15.774,15.9503,2.6989,2.1429,13244304410.5,6.7969,13.1604,7.0,3.0,12.3537,4.6539,3.5654337301587304,3.94632696715602,2.129398412698413,1.8391413572638584,7.511760697314751,0.2902570554345547
2017-05-19,31.59,33.606,6.3818,15.6946,15.9503,2.6853,2.1429,13177561459.14,6.7969,13.1604,7.0,3.0,12.3537,4.6539,3.5736224206349205,3.947883358691109,2.1421119047619053,1.8629922412125148,7.521505779326029,0.2791196635493904
2017-05-22,31.5,33.606,6.6857,15.7634,15.954,2.6776,2.1456,13140018549.0,6.7969,12.7804,7.0,3.0,12.3537,4.6539,3.5829761904761903,3.9496640694795824,2.1594039682539683,1.894954997773037,7.532640259955773,0.2644489704809309
2017-05-23,31.6,33.606,6.3481,15.8134,15.9503,2.6861,2.1458,13181732893.6,6.7969,12.7804,7.0,3.0,12.3537,4.6539,3.590248611111112,3.951377344119919,2.1764785714285715,1.9229449715938385,7.54162595523103,0.2535335998347332
2017-05-24,31.69,33.606,6.0461,15.8585,15.9503,2.6938,2.146,13219275803.74,6.7969,12.7804,7.0,3.0,12.3537,4.6539,3.5955865079365075,3.9528768711491113,2.1914634920634923,1.9457315750579245,7.548463379085619,0.2457319170055678
2017-05-25,31.68,33.606,6.0795,15.8535,15.9503,2.6929,2.1465,13215104369.28,6.7969,12.7804,7.0,3.0,12.3537,4.6539,3.600798412698413,3.9544195284611474,2.20763253968254,1.9695534140239968,7.55521794115956,0.238079125658543
2017-05-26,31.85,33.606,5.5133,15.9385,15.9503,2.7074,2.1467,13286018755.1,6.7969,12.7804,7.0,3.0,12.3537,4.6539,3.605558134920635,3.955276533542556,2.2215626984126984,1.9867392765731344,7.56083466846319,0.2348234218395639
2017-05-30,31.66,33.606,6.1466,15.8435,15.954,2.6912,2.1476,13206761500.36,6.7969,12.7804,7.0,3.0,12.3537,4.6539,3.610517857142857,3.956895396399827,2.24593253968254,2.0159219108223363,7.567413253542684,0.2300106288602035
2017-05-31,32.42,33.606,3.6582,16.2238,15.9576,2.7558,2.1478,13523790519.32,6.7969,12.7804,7.0,3.0,12.3537,4.6539,3.611021825396825,3.956885241860848,2.245442063492064,2.015567886243822,7.567907067257673,0.2298741772482411
2017-06-01,32.74,33.606,2.6451,16.3839,15.964,2.783,2.1481,13657276422.04,6.7969,12.7804,7.0,3.0,12.3537,4.6539,3.611325396825397,3.956805095996452,2.244405555555556,2.015326585198977,7.568130492821849,0.2290789703565781
2017-06-02,32.93,33.606,2.0528,16.479,15.971,2.7992,2.1482,13736533676.78,6.7969,12.7804,7.0,3.0,12.3537,4.6539,3.6123246031746032,3.9563468752934,2.241923015873016,2.015368757688506,7.568671478468003,0.2265542581845099
2017-06-05,32.78,33.606,2.5198,16.4039,15.9907,2.7778,2.149,13673962159.88,8.3756,12.7719,7.0,3.0,12.3537,4.6539,3.611049206349207,3.9565957410394064,2.2489976190476195,2.014762323470232,7.567644947388613,0.2342352955773878
2017-06-06,32.38,33.5833,3.7162,16.2038,15.9913,2.7655,2.149,13507104781.48,8.3122,12.7468,7.0,3.0,12.3537,4.6539,3.612243253968253,3.9565363681280727,2.263529365079365,2.018716679480227,7.568779622096326,0.2448126855991379
2017-06-07,31.68,33.6944,6.3586,15.8535,15.9907,2.7058,2.149,13215104369.28,8.3122,12.734,7.0,3.0,12.3537,4.6539,3.6171396825396815,3.9584083579593448,2.307124603174603,2.0473945537757783,7.575548040499028,0.2597300493988248
2017-06-08,31.59,33.6944,6.6616,15.8084,15.9907,2.6981,2.1491,13177561459.14,8.3122,12.7342,7.0,3.0,12.3537,4.6539,3.623410317460318,3.960726893059423,2.3579587301587304,2.0753965489139783,7.58413721051974,0.2825621812447521
2017-06-09,30.93,33.6944,8.9376,15.4782,15.9907,2.6417,2.1501,12902246784.78,8.3122,12.7342,7.0,3.0,12.3537,4.6539,3.636951388888889,3.967213390735635,2.427676984126984,2.1470476317461853,7.604164779624524,0.2806293523807985
2017-06-12,31.15,33.6944,8.1682,15.5883,15.9919,2.6605,2.1504,12994018342.9,8.3122,12.7342,7.0,3.0,12.3537,4.6539,3.6513734126984128,3.9704527824144975,2.504007142857143,2.178833554439035,7.621826195112911,0.3251735884181079
2017-06-13,31.3,33.6944,7.6498,15.6633,15.9913,2.6733,2.1506,13056589859.8,8.3122,12.7316,7.0,3.0,12.3537,4.6539,3.664766865079365,3.972536267791604,2.5634023809523807,2.2162722971501383,7.637303132870969,0.3471300838022424
2017-06-14,31.42,33.6944,7.2387,15.7226,15.9907,2.6835,2.1507,13106647073.32,8.3122,12.7206,7.0,3.0,12.343,4.6539,3.676886111111111,3.974106624901865,2.635,2.2204641486321868,7.650992736012975,0.414535851367813
2017-06-15,31.44,33.6944,7.1705,15.7326,15.9907,2.6853,2.1508,13114989942.24,8.3122,12.7206,7.0,3.0,12.343,4.6539,3.6922144841269846,3.972650126793064,2.7015071428571424,2.229872920331881,7.664864610920048,0.4716342225252616
2017-06-16,31.48,33.6944,7.0343,15.7526,15.9907,2.6887,2.1521,13131675680.08,8.3122,12.7206,7.0,3.0,12.343,4.6539,3.706379761904762,3.971811693734247,2.7585,2.2481861561002585,7.678191455639009,0.5103138438997417
2017-06-19,31.57,33.6944,6.7292,15.7976,15.9919,2.6964,2.1526,13169218590.22,8.3122,12.7206,7.0,3.0,12.343,4.6539,3.722156746031746,3.967985464609201,2.8070833333333334,2.2673962847902995,7.690142210640947,0.5396870485430338
2017-06-20,31.51,33.6944,6.9324,15.7676,15.9913,2.6912,2.1536,13144189983.46,8.3122,12.7206,7.0,3.0,12.343,4.6539,3.737367460317461,3.9655631326682346,2.8589349206349204,2.286511457966402,7.702930592985695,0.5724234626685183
2017-06-21,31.44,33.6944,7.1705,15.7326,15.9907,2.6853,2.1536,13114989942.24,8.3122,12.7206,7.0,3.0,12.343,4.6539,3.753915476190476,3.962445884680861,2.915146825396825,2.3048281559436674,7.716361360871337,0.6103186694531577
2017-06-22,31.01,33.6944,8.6566,15.5174,15.9907,2.6485,2.1538,12935618260.46,8.3122,12.7206,7.0,3.0,12.343,4.6539,3.773849007936508,3.961787867370314,2.9834261904761905,2.3464294102890486,7.735636875306822,0.6369967801871419
2017-06-23,30.98,33.6944,8.7618,15.5024,15.9907,2.646,2.1541,12923103957.08,8.3122,12.7206,7.0,3.0,12.343,4.6539,3.79302757936508,3.962492883348767,3.05226746031746,2.38767534787574,7.7555204627138465,0.6645921124417202
2017-06-26,30.97,33.6944,8.7969,15.4974,15.9919,2.6451,2.155,12918932522.62,8.3122,12.7206,7.0,3.0,12.343,4.6539,3.8122757936507936,3.9631922386137135,3.1213873015873017,2.426907431180328,7.775468032264508,0.6944798704069743
2017-06-27,30.99,33.6944,8.7267,15.5074,15.9919,2.6468,2.1554,12927275391.54,8.3122,12.7206,7.0,3.0,12.343,4.6539,3.832696626984127,3.9619434738708112,3.191315873015873,2.460507132553544,7.794640100854938,0.7308087404623289
2017-06-28,31.45,33.6944,7.1364,15.7376,15.9913,2.6861,2.1555,13119161376.7,8.3122,12.7146,7.0,3.0,12.343,4.6539,3.84618273809524,3.9615971393407614,3.2436833333333337,2.4737671947943745,7.807779877436001,0.7699161385389592
2017-06-29,31.39,33.6944,7.3412,15.7076,15.9913,2.681,2.1559,13094132769.94,8.3122,12.7146,7.0,3.0,12.343,4.6539,3.8617700396825394,3.9598590312372783,3.2912753968253967,2.494535229679202,7.821629070919817,0.7967401671461949
2017-06-30,31.1,33.6944,8.3421,15.5624,15.9913,2.6562,2.1563,12973161170.6,8.3122,12.7146,7.0,3.0,12.343,4.6539,3.8840902777777777,3.9533274060225945,3.347651587301588,2.5278220701541247,7.837417683800372,0.8198295171474625
2017-07-03,31.56,33.6944,6.763,15.7926,15.994,2.6955,2.157,13165047155.76,8.3122,12.7146,7.0,3.0,12.343,4.6539,3.90260119047619,3.944896416341556,3.392404761904762,2.538036432736529,7.847497606817746,0.8543683291682331
2017-07-05,31.74,33.6944,6.1575,15.8827,15.9913,2.7109,2.1574,13240132976.04,8.3122,12.7146,7.0,3.0,12.343,4.6539,3.92250496031746,3.930863721915761,3.4287079365079367,2.5446578558103496,7.853368682233221,0.8840500806975871
2017-07-06,31.4,33.7777,7.5723,15.7299,15.9913,2.6818,2.1578,13098304204.4,8.3122,12.6757,7.0,3.0,12.343,4.6539,3.945792063492064,3.917603013850636,3.48183253968254,2.5608141751196074,7.863395077342699,0.921018364562932
2017-07-07,31.74,33.7777,6.42,15.9002,15.9913,2.7108,2.1595,13240132976.04,8.312,12.6767,7.0,3.0,12.343,4.6539,3.9653875,3.9051858521386538,3.5050214285714287,2.574157666922902,7.870573352138654,0.9308637616485268
2017-07-10,31.82,33.7777,6.1524,15.9403,15.994,2.7177,2.1618,13273504451.72,8.312,12.6767,7.0,3.0,12.343,4.6539,3.9824738095238095,3.895848722159617,3.5340666666666665,2.583274640513628,7.878322531683427,0.9507920261530388
2017-07-11,31.93,33.861,6.0476,15.9946,15.9946,2.7271,2.1623,13319390230.78,8.312,12.6686,7.0,3.0,12.343,4.6539,4.001307142857143,3.882795581994896,3.542663492063492,2.5898666650345765,7.884102724852038,0.9527968270289152
2017-07-12,32.06,33.861,5.6176,16.0605,15.9954,2.7382,2.1626,13373618878.76,8.312,12.6686,7.0,3.0,12.343,4.6539,4.017952976190476,3.871667870943164,3.558271428571429,2.596442332080178,7.88962084713364,0.9618290964912508
2017-07-13,32.1,33.861,5.486,16.0532,15.9978,2.7416,2.1628,13390304616.6,8.312,12.6833,7.0,3.0,12.3419,4.6539,4.0347567460317455,3.859581450705016,3.573406349206349,2.602115975055719,7.894338196736761,0.9712903741506308
2017-07-14,32.05,33.9444,5.9108,15.9612,15.9978,2.7373,2.163,13369447444.3,8.312,13.1891,8.0,3.0,12.3419,4.6539,4.052235912698412,3.84804986042927,3.5992698412698414,2.6090704535148115,7.900285773127683,0.99019938775503
2017-07-17,32.18,33.9444,5.4829,16.0259,16.0059,2.7484,2.1644,13423676092.28,8.312,13.1891,8.0,3.0,12.3419,4.6539,4.069948809523809,3.833994498508167,3.620614285714285,2.613423000915675,7.903943308031976,1.0071912847986102
2017-07-18,32.26,33.9444,5.2213,16.0657,16.0059,2.7553,2.1646,13457047567.96,8.312,13.1891,8.0,3.0,12.3419,4.6539,4.085572817460318,3.82257012234356,3.631711904761905,2.617255340530982,7.908142939803877,1.0144565642309225
2017-07-19,32.48,33.9444,4.5086,16.1753,16.011,2.774,2.1652,13548819126.08,8.312,13.1891,8.0,3.0,12.3419,4.6539,4.100615277777778,3.809238509405176,3.649502380952381,2.615522593608224,7.909853787182954,1.0339797873441574
2017-07-20,32.66,33.9444,3.9326,16.2649,16.0164,2.7894,2.1659,13623904946.36,8.312,13.1891,8.0,3.0,12.3419,4.6539,4.115093452380953,3.794648327798855,3.659111111111111,2.6143111819437945,7.909741780179808,1.044799929167317
2017-07-21,32.83,33.9444,3.3945,16.3496,16.0189,2.8039,2.1662,13694819332.18,8.312,13.1891,8.0,3.0,12.3419,4.6539,4.130542063492063,3.7757495459121273,3.6624928571428574,2.613686080222599,7.906291609404191,1.0488067769202585
2017-07-24,32.83,33.9444,3.3945,16.3496,16.0235,2.8039,2.167,13694819332.18,8.312,13.1891,8.0,3.0,12.3419,4.6539,4.144691269841269,3.759536192905772,3.667830952380952,2.612436227875255,7.904227462747041,1.0553947245056974
2017-07-25,33.04,33.9444,2.7373,16.4542,16.0259,2.8219,2.1671,13782419455.84,8.312,13.1891,8.0,3.0,12.3419,4.6539,4.158025793650793,3.742530114022203,3.672115873015873,2.610447146108658,7.900555907672997,1.0616687269072154
2017-07-26,33.01,33.9444,2.8307,16.4392,16.0262,2.8233,2.1671,13789411487.68,8.312,13.1891,8.0,3.0,12.3419,4.6539,4.17105634920635,3.726386206820881,3.682080952380952,2.6047683670904576,7.897442556027231,1.0773125852904943
2017-07-27,31.54,34.0277,7.8874,15.748,16.0259,2.9254,2.1671,13175341966.72,5.2502,12.7032,9.0,3.0,11.7096,4.6539,4.1934636904761895,3.714669975752675,3.73516746031746,2.6218523594995773,7.908133666228864,1.113315100817883
2017-07-28,31.97,34.0277,6.4363,15.981,16.0259,2.979,2.1679,13354967744.96,4.4597,12.6558,9.0,3.0,11.7096,4.6539,4.2142188492063495,3.697848602587157,3.776466666666667,2.623100590980224,7.912067451793506,1.153366075686443
2017-07-31,32.42,34.0277,4.959,16.2108,16.0269,3.0209,2.168,13542948210.56,4.4597,12.6469,9.0,3.0,11.7096,4.6539,4.224648015873016,3.692507720964117,3.8008611111111112,2.6196625451680515,7.917155736837133,1.1811985659430595
2017-08-01,32.53,34.0277,4.6041,16.2658,16.029,3.0312,2.1684,13588898991.04,4.4597,12.6469,9.0,3.0,11.7096,4.6539,4.232460317460317,3.6891288104176354,3.821889682539682,2.615353754086337,7.921589127877953,1.206535928453345
2017-08-02,32.63,34.0277,4.2835,16.3158,16.0311,3.0405,2.1689,13630672427.84,4.4597,12.6469,9.0,3.0,11.7096,4.6539,4.241549206349206,3.6835853574858177,3.846644444444444,2.6047388006803454,7.925134563835024,1.241905643764099
2017-08-03,32.57,34.0277,4.4756,16.2858,16.0338,3.0349,2.1691,13605608365.76,4.4597,12.6469,9.0,3.0,11.7096,4.6539,4.250854365079365,3.678226835768621,3.880957936507937,2.5840752303710706,7.929081200847985,1.296882706136866
2017-08-04,32.68,34.0277,4.1239,16.3408,16.049,3.0451,2.1695,13651559146.24,4.4597,12.6469,9.0,3.0,11.7096,4.6539,4.2600375,3.672103626411397,3.916288095238096,2.556356067549655,7.932141126411397,1.3599320276884406
2017-08-07,32.42,34.0277,4.959,16.2108,16.0532,3.0209,2.1708,13542948210.56,4.4597,12.6469,9.0,3.0,11.7096,4.6539,4.269639484126984,3.667579852925208,3.9629317460317455,2.52081154150502,7.937219337052191,1.4421202045267263
2017-08-08,32.42,34.0277,4.959,16.2108,16.054,3.0209,2.1708,13542948210.56,4.4597,12.6469,9.0,3.0,11.7096,4.6539,4.278328174603175,3.6640067060837023,4.01060873015873,2.48178105703222,7.942334880686877,1.528827673126511
2017-08-09,32.31,34.0277,5.3163,16.1558,16.0548,3.0107,2.1708,13496997430.08,4.4597,12.6469,9.0,3.0,11.7096,4.6539,4.289453968253968,3.6586135005471214,4.067266666666667,2.428462364773394,7.94806746880109,1.638804301893273
2017-08-10,32.18,34.0277,5.7418,16.0908,16.0548,2.9986,2.1708,13442691962.24,4.4597,12.6469,9.0,3.0,11.7096,4.6539,4.3016684523809525,3.6531506991516745,4.1343507936507935,2.355374315891244,7.954819151532627,1.7789764777595498
2017-08-11,32.05,34.0277,6.1707,16.0258,16.0548,2.9864,2.1716,13388386494.4,4.4428,12.6469,9.0,3.0,11.7096,4.6539,4.313340873015873,3.6496970153225,4.206084126984127,2.2767400716082653,7.963037888338373,1.9293440553758616
2017-08-14,32.22,34.0277,5.6105,16.1108,16.0597,3.0023,2.1725,13459401336.96,4.4428,12.6469,9.0,3.0,11.7096,4.6539,4.32545753968254,3.6438299927693287,4.271560317460318,2.195474167539548,7.969287532451869,2.0760861499207697
2017-08-15,32.31,34.0277,5.3163,16.1558,16.0601,3.0107,2.1725,13496997430.08,4.4428,12.6469,9.0,3.0,11.7096,4.6539,4.338442063492063,3.635652378869095,4.303799206349206,2.180585999533184,7.974094442361157,2.123213206816022
2017-08-16,32.22,34.0277,5.6105,16.1108,16.0605,3.0023,2.1725,13459401336.96,4.4428,12.6469,9.0,3.0,11.7096,4.6539,4.353045634920635,3.625918184133842,4.334886507936508,2.170974801746275,7.978963819054477,2.163911706190233
2017-08-17,32.13,34.0277,5.9063,16.0658,16.0657,2.9939,2.1725,13421805243.84,4.4428,12.6469,9.0,3.0,11.7096,4.6539,4.368394444444444,3.616054652951192,4.373042857142858,2.155836347125945,7.984449097395636,2.2172065100169127
2017-08-18,32.06,34.0277,6.1376,16.0308,16.0657,2.9874,2.1727,13392563838.08,4.4428,12.6469,9.0,3.0,11.7096,4.6539,4.382928571428571,3.608391955278623,4.407856349206349,2.1485626127809567,7.991320526707193,2.259293736425392
2017-08-21,32.14,34.0277,5.8734,16.0708,16.0658,2.9948,2.1732,13425982587.52,4.4428,12.6469,9.0,3.0,11.7096,4.6539,4.393265476190476,3.6051768542935614,4.437469047619048,2.1427912473769,7.998442330484038,2.2946778002421486
2017-08-22,32.34,34.0277,5.2186,16.1708,16.07,3.0135,2.1733,13509529461.12,4.4428,12.6469,9.0,3.0,11.7096,4.6539,4.397883531746031,3.604739508613173,4.466275396825396,2.128541520109628,8.002623040359204,2.3377338767157685
2017-08-23,32.33,34.0277,5.2512,16.1658,16.0704,3.0125,2.1734,13505352117.44,4.4428,12.6469,9.0,3.0,11.7096,4.6539,4.392445436507937,3.601372467098925,4.497965873015873,2.11004065205076,7.993817903606862,2.3879252209651134
2017-08-24,32.23,34.0277,5.5777,16.1142,16.0713,3.0032,2.1741,13463578680.64,4.4428,12.6403,9.0,3.0,11.694,4.6539,4.386210119047619,3.596581760891856,4.528493650793651,2.0974791564256665,7.982791879939475,2.431014494367985
2017-08-25,32.47,34.0277,4.7974,16.2358,16.0722,3.0256,2.1746,13563834928.96,4.4428,12.6452,9.0,3.0,11.7052,4.6539,4.380062896825397,3.5932177655146007,4.547118253968254,2.0892845268524067,7.973280662339997,2.457833727115847
2017-08-28,32.12,34.0277,5.9393,16.0608,16.0735,2.993,2.176,13417627900.16,4.4428,12.6452,9.0,3.0,11.7052,4.6539,4.378543253968253,3.592394326862786,4.578674603174603,2.079951527394472,7.970937580831039,2.498723075780131
2017-08-29,32.13,34.0277,5.9063,16.0658,16.0727,2.9939,2.1762,13421805243.84,4.4428,12.6452,9.0,3.0,11.7052,4.6539,4.377517261904762,3.591882958089229,4.619859523809523,2.05409081022951,7.969400219993991,2.5657687135800127
2017-08-30,32.22,34.2727,6.3709,15.9869,16.0722,3.0023,2.1763,13459401336.96,4.4428,12.9676,8.0,3.0,11.7052,4.6539,4.3777841269841264,3.592026335119598,4.655097619047619,2.045659432788126,7.969810462103725,2.609438186259493
2017-08-31,32.45,34.2727,5.6169,16.101,16.0735,3.0237,2.1767,13555480241.6,4.4428,12.9676,8.0,3.0,11.7052,4.6539,4.374403174603175,3.5900520471245705,4.684865079365078,2.0319956288268792,7.964455221727745,2.652869450538199
2017-09-01,32.55,34.2727,5.2925,16.1506,16.0758,3.033,2.1772,13597253678.4,4.4428,12.9676,8.0,3.0,11.7052,4.6539,4.373360714285714,3.5897083238256675,4.707159523809524,2.023039147072869,7.963069038111382,2.6841203767366544
2017-09-05,31.71,34.2727,8.0817,15.7338,16.0794,2.9548,2.1795,13246356809.28,4.4428,12.9676,8.0,3.0,11.7052,4.6539,4.37904007936508,3.5933118934762485,4.750811111111111,2.0361048221828617,7.972351972841328,2.7147062889282494
2017-09-06,31.58,34.2727,8.5266,15.6693,16.0772,2.9426,2.1797,13192051341.44,4.4428,12.9676,8.0,3.0,11.7052,4.6539,4.383769246031747,3.59720454942502,4.797473809523809,2.054793388783728,7.980973795456767,2.742680420740081
2017-09-07,30.51,34.2727,12.3327,15.1399,16.0772,2.8429,2.18,12745075567.68,4.4428,12.9689,8.0,3.0,11.7052,4.6539,4.4000408730158735,3.614568626404259,4.876678571428571,2.149949262233387,8.014609499420132,2.7267293091951843
2017-09-08,31.44,34.361,9.2907,15.549,16.0772,2.8767,2.1807,13133568529.92,5.3981,13.3607,9.0,3.0,11.7052,4.6539,4.409203571428572,3.621108423746496,4.939428571428572,2.162545304953836,8.030311995175067,2.7768832664747354
2017-09-11,32.3,34.361,6.3808,15.9743,16.0816,2.9554,2.1825,13492820086.4,5.3981,13.3607,9.0,3.0,11.7052,4.6539,4.413487698412699,3.622163148281796,4.980603968253968,2.1399088373631394,8.035650846694494,2.8406951308908286
2017-09-12,32.56,34.361,5.5313,16.1029,16.0908,2.9792,2.1829,13601431022.08,5.3981,13.3607,9.0,3.0,11.7052,4.6539,4.416531150793651,3.622457246541853,5.013263492063492,2.116346138592939,8.038988397335505,2.896917353470553
2017-09-13,32.66,34.361,5.2082,16.1523,16.0912,2.9883,2.183,13643204458.88,5.3981,13.3607,9.0,3.0,11.7052,4.6539,4.419110912698413,3.622557344558143,5.048155555555557,2.082493558388506,8.041668257256555,2.9656619971670506
2017-09-14,32.16,34.361,6.8439,15.905,16.0912,2.9426,2.183,13434337274.88,5.3981,13.3607,9.0,3.0,11.7052,4.6539,4.426169047619048,3.6238116680316,5.094772222222223,2.056051734510334,8.049980715650648,3.0387204877118887
2017-09-15,32.14,34.361,6.9104,15.8952,16.0912,2.9408,2.1834,13425982587.52,5.3981,13.381,9.0,3.0,11.7052,4.6539,4.433882936507937,3.624955732366488,5.142923015873016,2.0265217481455164,8.058838668874426,3.116401267727499
2017-09-18,32.29,34.2499,6.0697,15.9749,16.0938,2.9545,2.1848,13488642742.72,5.3981,13.353,9.0,3.0,11.7052,4.6539,4.439928769841271,3.625138291369888,5.180869841269841,1.9983371731627029,8.06506706121116,3.182532668107138
2017-09-19,32.13,34.2499,6.5979,15.8957,16.0915,2.9398,2.185,13421805243.84,5.3981,13.353,9.0,3.0,11.7052,4.6539,4.4413125,3.625829940002625,5.209353174603175,1.992702013315229,8.067142440002625,3.2166511612879463
2017-09-20,32.21,34.2499,6.3331,15.9353,16.0915,2.9472,2.185,13455223993.28,5.3981,13.353,9.0,3.0,11.7052,4.6539,4.445599206349206,3.626788637299033,5.2359968253968265,1.9850302957059789,8.072387843648238,3.250966529690848
2017-09-21,32.7,34.2499,4.7398,16.1777,16.0962,2.992,2.1856,13659913833.6,5.3981,13.353,9.0,3.0,11.7052,4.6539,4.445922817460318,3.626807634911336,5.250257142857143,1.974853742976754,8.072730452371651,3.275403399880388
2017-09-22,32.7,34.2499,4.7398,16.1777,16.0968,2.992,2.1865,13659913833.6,5.3981,13.353,9.0,3.0,11.7052,4.6539,4.446603571428572,3.6268305773562015,5.260573015873017,1.9687072718275704,8.073434148784774,3.291865744045446
2017-09-25,32.68,34.2499,4.8039,16.1678,16.1008,2.9902,2.187,13651559146.24,5.3981,13.353,9.0,3.0,11.7052,4.6539,4.451859523809523,3.625422043298712,5.272189682539684,1.9615906905910367,8.077281567108235,3.3105989919486465
2017-09-26,32.71,34.2499,4.7077,16.1987,16.1009,2.9929,2.1872,13664091177.28,5.3981,13.343,9.0,3.0,11.7052,4.6539,4.460199007936509,3.621155834035954,5.284820634920634,1.9527007135891343,8.081354841972463,3.3321199213315
2017-09-27,32.91,34.2499,4.0714,16.2977,16.101,3.0112,2.188,13747638050.88,5.3981,13.343,9.0,3.0,11.7052,4.6539,4.467605952380953,3.616522872929413,5.294221428571428,1.943895554050645,8.084128825310366,3.350325874520784
2017-09-28,32.99,34.2499,3.819,16.3373,16.1028,3.0185,2.1895,13781056800.32,5.3981,13.343,9.0,3.0,11.7052,4.6539,4.476468650793651,3.6094283103620937,5.308818253968254,1.9256277584374528,8.085896961155743,3.383190495530801
2017-09-29,32.83,34.2499,4.325,16.2565,16.1029,2.9416,2.1909,13714219301.44,5.4379,13.0149,10.0,3.0,11.7052,4.6539,4.48689880952381,3.601355230247613,5.323075396825397,1.9114768244345943,8.088254039771423,3.411598572390802
2017-10-02,33.33,34.2499,2.76,16.5041,16.1108,2.9864,2.192,13923086485.44,5.4379,13.0149,10.0,3.0,11.7052,4.6539,4.493982738095237,3.5944195753884776,5.319988095238095,1.915326618605261,8.088402313483716,3.404661476632834
2017-10-03,33.36,34.2499,2.6676,16.5263,16.1108,2.9891,2.1927,13935618516.48,5.4379,12.9813,10.0,3.0,11.7052,4.6539,4.503424801587302,3.5833200137795256,5.326673015873016,1.904470937574725,8.086744815366828,3.422202078298291
2017-10-04,33.23,34.2499,3.0692,16.4619,16.1108,2.9774,2.1931,13881313048.64,5.4379,12.9817,10.0,3.0,11.7052,4.6539,4.514728571428572,3.569739318154692,5.328870634920635,1.9016807793558608,8.084467889583262,3.427189855564775
2017-10-05,33.43,34.2499,2.4526,16.561,16.1109,2.9953,2.1933,13964859922.24,5.4379,12.9817,10.0,3.0,11.7052,4.6539,4.523563888888889,3.559076724397009,5.322803174603174,1.9096752442210063,8.082640613285898,3.413127930382168
2017-10-06,33.31,34.2499,2.8217,16.5015,16.1142,2.9846,2.1935,13914731798.08,5.4379,12.9817,10.0,3.0,11.7052,4.6539,4.536668253968254,3.5405425491315192,5.314423809523809,1.9183643265837933,8.077210803099774,3.396059482940016
2017-10-09,33.17,34.2499,3.2557,16.4224,16.1178,2.9721,2.1947,13856248986.56,5.4379,16.1609,10.0,3.0,11.7052,4.6539,4.551759325396825,3.518730558772688,5.319492063492064,1.912014147629988,8.070489884169513,3.407477915862076
2017-10-10,33.05,34.2499,3.6306,16.363,16.1178,2.9613,2.1947,13806120862.4,5.4379,16.1609,10.0,3.0,11.704,4.6539,4.565862896825397,3.500682818703971,5.331661904761905,1.896154617360584,8.066545715529369,3.435507287401321
2017-10-11,32.86,34.0277,3.5536,16.2956,16.1178,2.9443,2.1947,13726751332.48,5.4379,17.3162,10.0,3.0,11.704,4.6539,4.581096428571429,3.479433096838441,5.336233333333333,1.891121477134856,8.06052952540987,3.4451118561984773
2017-10-12,32.85,34.1388,3.9233,16.2914,16.1247,2.9434,2.196,13722573988.8,5.4379,18.8004,10.0,3.0,11.6989,4.6539,4.597512103174603,3.4566544941605306,5.336097619047619,1.8912230598200217,8.054166597335133,3.444874559227597
2017-10-13,32.78,34.1388,4.1452,16.2543,16.1336,2.9371,2.1961,13693332583.04,5.4379,17.9767,10.0,3.0,11.6989,4.6539,4.612560714285714,3.438056118945996,5.352351587301587,1.8718655378520592,8.050616833231711,3.480486049449528
2017-10-16,32.97,34.361,4.219,16.2791,16.1474,2.9541,2.1991,13772702112.96,5.4379,19.8936,10.0,3.0,11.6989,4.6539,4.629752976190477,3.414250872846709,5.363857936507936,1.8602799913285168,8.044003849037185,3.50357794517942
2017-10-17,33.2,34.361,3.497,16.3748,16.149,2.9747,2.1997,13868781017.6,5.4379,19.9083,10.0,3.0,11.6989,4.6539,4.646690674603175,3.387254789759357,5.373234126984127,1.8477281420021587,8.033945464362532,3.5255059849819688
2017-10-18,33.43,34.361,2.7849,16.4883,16.1506,2.9953,2.2003,13964859922.24,5.4379,19.9083,10.0,3.0,11.6989,4.6539,4.662799007936507,3.358883441226916,5.376703174603175,1.842405202812497,8.021682449163423,3.5342979717906773
2017-10-19,33.72,34.361,1.9009,16.6313,16.1507,3.0213,2.2003,14086002888.96,5.4379,19.9083,10.0,3.0,11.6989,4.6539,4.677443849206349,3.3305432938677964,5.371873015873016,1.8507609904000977,8.007987143074146,3.521112025472918
2017-10-20,34.05,34.361,0.9134,16.7552,16.1523,3.0509,2.2018,14223855230.4,5.4379,20.3397,10.0,3.0,11.6989,4.6539,4.689474603174603,3.305832947126014,5.364566666666668,1.8665888468114016,7.995307550300618,3.497977819855266
2017-10-23,34.13,34.361,0.6768,16.7946,16.1552,3.0581,2.2028,14257273979.84,5.4379,20.3397,10.0,3.0,11.6989,4.6539,4.701763095238095,3.2792233547783614,5.358434126984127,1.880769865950311,7.980986450016457,3.477664261033816
2017-10-24,33.98,34.361,1.1212,16.7208,16.1557,3.0446,2.2028,14194613824.64,5.4379,20.3397,10.0,3.0,11.6989,4.6539,4.714643253968254,3.252220887459676,5.348463492063492,1.8999317245672875,7.96686414142793,3.4485317674962044
2017-10-25,34.04,34.361,0.943,16.7503,16.1557,2.9545,2.2028,13774516450.8,5.4379,20.3397,10.0,3.0,11.6989,4.6539,4.727314880952381,3.224890049642458,5.336131746031747,1.92348544594048,7.952204930594839,3.4126463000912666
2017-10-26,33.54,34.4999,2.862,16.3778,16.1558,2.9112,2.2029,13572188065.8,6.249,21.4719,10.0,3.0,11.6943,4.6539,4.74357619047619,3.1945778397999907,5.329499206349206,1.930607902376888,7.938154030276181,3.398891303972319
2017-10-27,33.24,34.8333,4.7933,16.2091,16.1572,2.8781,2.2033,13450791034.8,6.5469,21.9322,10.0,3.0,11.6943,4.6539,4.764032341269842,3.161586072414573,5.338449206349206,1.925439617739306,7.925618413684415,3.4130095886099
2017-10-30,33.28,34.8333,4.6674,16.2128,16.1658,2.8676,2.2042,13466977305.6,6.7714,22.2273,10.0,3.0,11.6943,4.6539,4.777301984126985,3.147055438027075,5.3420507936507935,1.923742398753036,7.92435742215406,3.4183083948977577
2017-10-31,33.21,34.8333,4.888,16.1787,16.1659,2.8616,2.2046,13438651331.7,6.7714,22.2273,10.0,3.0,11.6943,4.6539,4.7825194444444445,3.145050232639185,5.348687301587301,1.920695639938348,7.92756967708363,3.427991661648953
2017-11-01,32.62,34.8333,6.7851,15.8913,16.1658,2.8108,2.2047,13199903837.4,6.7714,22.2273,10.0,3.0,11.6943,4.6539,4.791258134920635,3.1444823999810203,5.375222222222223,1.9172311945675569,7.9357405349016545,3.457991027654666
2017-11-02,31.79,34.8333,9.5731,15.4869,16.1658,2.7392,2.2059,12864038718.3,6.7714,22.2273,10.0,3.0,11.6943,4.6539,4.804466666666666,3.150565469968289,5.424137301587301,1.945106159971269,7.955032136634955,3.479031141616032
2017-11-03,31.5,34.8333,10.5819,15.3456,16.1658,2.7142,2.2072,12746688255.0,6.7714,22.5695,10.0,3.0,11.6943,4.6539,4.819100396825397,3.160242235808162,5.472875396825397,1.9965294017646107,7.979342632633559,3.476345995060786
2017-11-06,31.85,34.8333,9.3667,15.5161,16.1659,2.7444,2.2078,12888318124.5,6.7714,22.5695,10.0,3.0,11.6943,4.6539,4.831652777777777,3.165722229028296,5.504146825396826,2.026430773934938,7.997375006806074,3.477716051461888
2017-11-07,31.87,34.8333,9.2981,15.5259,16.1659,2.7461,2.208,12896411259.9,6.7714,22.5695,10.0,3.0,11.6943,4.6539,4.844069047619047,3.1709499347642565,5.535661904761906,2.0543424008226703,8.015018982383303,3.481319503939236
2017-11-08,31.82,34.8333,9.4698,15.5015,16.1658,2.7418,2.208,12876178421.4,6.7714,22.5695,10.0,3.0,11.6943,4.6539,4.855667261904762,3.1771638789551075,5.564953968253969,2.0839394529651853,8.03283114085987,3.481014515288784
2017-11-09,31.97,34.8333,8.9562,15.5746,16.1658,2.7547,2.2081,12936876936.9,6.7714,22.5695,10.0,3.0,11.6943,4.6539,4.868446031746032,3.180683775621363,5.589111111111111,2.105529400116812,8.049129807367395,3.4835817109942986
2017-11-10,31.78,34.8333,9.6076,15.482,16.1658,2.7384,2.2086,12859992150.6,6.7714,22.5695,10.0,3.0,11.6943,4.6539,4.882024404761905,3.186284995536776,5.622655555555556,2.1356402704785267,8.06830940029868,3.487015285077029
2017-11-13,31.9,34.8333,9.1953,15.5405,16.1659,2.7487,2.2105,12908550963.0,6.7714,22.5695,10.0,3.0,11.6943,4.6539,4.893040476190476,3.1915867815809493,5.649769047619047,2.1591973277667305,8.084627257771427,3.490571719852317
2017-11-14,31.85,34.8333,9.3667,15.5161,16.1659,2.7444,2.211,12888318124.5,6.7714,22.5695,10.0,3.0,11.6943,4.6539,4.903555555555555,3.1975846677646538,5.670508730158731,2.182310324918039,8.10114022332021,3.488198405240692
2017-11-15,32.15,34.8333,8.3462,15.6623,16.1659,2.7703,2.2114,13009715155.5,6.7714,22.5695,10.0,3.0,11.6943,4.6539,4.912886904761904,3.200760010453746,5.6903539682539686,2.1952472353757395,8.11364691521565,3.495106732878229
2017-11-16,31.9,34.8333,9.1953,15.5405,16.1659,2.7487,2.2114,12908550963.0,6.7714,22.5695,10.0,3.0,11.6943,4.6539,4.922892857142857,3.2062553874653386,5.712683333333334,2.2165424037542567,8.129148244608196,3.496140929579077
2017-11-17,31.99,34.8333,8.8881,15.5427,16.1659,2.7565,2.2116,12944970072.3,6.771,23.2143,10.0,3.0,12.1711,4.6539,4.93396746031746,3.210298213440184,5.730162698412698,2.232900430336776,8.144265673757644,3.4972622680759224
2017-11-20,31.93,34.8333,9.0927,15.5136,16.1659,2.7513,2.2134,12920690666.1,6.771,23.2143,10.0,3.0,12.1711,4.6539,4.945946031746032,3.214535653672483,5.751945238095238,2.252279854213912,8.160481685418514,3.499665383881326
2017-11-21,32.34,34.8333,7.7096,15.7556,16.1659,2.776,2.2144,13086599941.8,6.9425,23.2356,10.0,3.0,12.1711,4.6539,4.955180357142858,3.215778839324963,5.765147619047619,2.258883778673657,8.170959196467821,3.5062638403739617
2017-11-22,31.87,34.8333,9.2981,15.5266,16.1658,2.7357,2.2148,12896411259.9,6.9425,23.2356,10.0,3.0,12.1711,4.6539,4.967151587301587,3.2206994328895715,5.790692063492064,2.2805617000241853,8.18785102019116,3.5101303634678787
2017-11-24,31.89,34.8333,9.2295,15.5364,16.1659,2.7374,2.2157,12904504395.3,6.9425,23.2356,10.0,3.0,12.1711,4.6539,4.9780678571428565,3.22580994426197,5.8201857142857145,2.30088514761493,8.203877801404825,3.5193005666707844
2017-11-27,32.09,34.8333,8.5488,15.6338,16.1659,2.7545,2.2172,12985435749.3,6.9425,23.2356,10.0,3.0,12.1711,4.6539,4.984999404761904,3.22972722737386,5.839250793650795,2.313528991501956,8.214726632135765,3.525721802148839
2017-11-28,32.23,34.8333,8.0773,15.702,16.1659,2.7666,2.2174,13042087697.1,6.9425,23.2356,10.0,3.0,12.1711,4.6539,4.991767063492064,3.2326306397526983,5.874323015873015,2.313696511374541,8.224397703244762,3.560626504498474
2017-11-29,32.08,34.8333,8.5826,15.6274,16.1658,2.7537,2.2176,12981389181.6,6.9425,23.235,10.0,3.0,12.1592,4.6539,4.998248015873016,3.236554319816851,5.921446031746032,2.3078579390822163,8.234802335689867,3.613588092663816
2017-11-30,31.56,34.8333,10.3717,15.3741,16.1658,2.7091,2.2186,12770967661.2,6.9425,23.235,10.0,3.0,12.1592,4.6539,5.010334126984127,3.245229776391252,5.987469047619047,2.3152799101091364,8.255563903375378,3.672189137509911
2017-12-01,31.62,34.8333,10.1622,15.4034,16.1658,2.7142,2.2196,12795247067.4,6.9425,23.2313,10.0,3.0,12.1595,4.6539,5.020981944444444,3.253317991981345,6.048123015873015,2.323799028803204,8.27429993642579,3.7243239870698113
2017-12-04,31.21,34.8333,11.6094,15.2036,16.1659,2.679,2.2214,12629337791.7,6.9425,23.2313,10.0,3.0,12.1595,4.6539,5.03285238095238,3.266420683546856,6.11076746031746,2.3664331174096973,8.299273064499236,3.7443343429077625
2017-12-05,30.9,34.8333,12.7291,15.0526,16.1659,2.6524,2.2218,12503894193.0,6.9425,23.2313,10.0,3.0,12.1595,4.6539,5.0506166666666665,3.2838703962797413,6.161326984126983,2.4387202013980014,8.334487062946408,3.722606782728982
2017-12-06,30.95,34.8333,12.547,15.077,16.1658,2.6567,2.2218,12524127031.5,6.9425,23.2313,10.0,3.0,12.1595,4.6539,5.0663277777777775,3.300746063707353,6.208036507936509,2.5038708754760464,8.36707384148513,3.7041656324604624
2017-12-07,30.62,34.8333,13.76,14.9162,16.1658,2.6284,2.223,12390590297.4,6.9425,23.2313,10.0,3.0,12.1595,4.6539,5.083503174603175,3.323384503478631,6.246309523809524,2.5815781809872123,8.406887678081805,3.664731342822312
2017-12-08,30.67,34.8333,13.5745,14.9406,16.1658,2.6327,2.2242,12410823135.9,6.9425,23.2313,10.0,3.0,12.1595,4.6539,5.096095833333333,3.343488978118745,6.2892166666666665,2.6575853428781304,8.439584811452079,3.631631323788536
2017-12-11,30.86,34.8333,12.8752,15.0331,16.1659,2.649,2.2244,12487707922.2,6.9425,23.2313,10.0,3.0,12.1595,4.6539,5.105129166666666,3.3583403565718086,6.330688095238095,2.719047283873124,8.463469523238475,3.611640811364971
2017-12-12,30.75,34.8333,13.279,14.9795,16.1659,2.6395,2.2246,12443195677.5,6.9425,23.2313,10.0,3.0,12.1595,4.6539,5.113119642857143,3.3729851304813394,6.378626984126984,2.787568480132228,8.486104773338482,3.591058503994756
2017-12-13,30.17,34.8333,15.4567,14.697,16.1658,2.5897,2.2246,12208494750.9,6.9425,23.2313,10.0,3.0,12.1595,4.6539,5.125151587301587,3.3989965104496656,6.444390476190476,2.9018017455210883,8.524148097751253,3.5425887306693875
2017-12-14,29.93,34.8333,16.3826,14.5801,16.1658,2.5537,2.2246,12111377126.1,7.4346,23.623,10.0,3.0,12.1595,4.6539,5.138459722222222,3.429837850496777,6.518583333333333,3.03352350839097,8.568297572718999,3.485059824942363
2017-12-15,30.67,34.8333,13.5745,14.9406,16.1658,2.6169,2.2247,12410823135.9,7.4346,23.623,10.0,3.0,12.1595,4.6539,5.147685515873016,3.446256927448741,6.572911111111111,3.0979384373283163,8.593942443321758,3.4749726737827946
2017-12-18,30.46,34.7777,14.175,14.8593,16.1659,2.599,2.2255,12325845214.2,7.4346,23.5095,10.0,3.0,12.1595,4.6539,5.157453769841269,3.4648401618003337,6.630392063492064,3.170992313900676,8.622293931641604,3.459399749591388
2017-12-19,30.17,34.8055,15.3646,14.7113,16.1658,2.5742,2.2258,12208494750.9,7.4346,23.5264,10.0,3.0,12.1595,4.6539,5.17004623015873,3.4903377345492226,6.695424603174604,3.2647950262321968,8.660383964707954,3.430629576942407
2017-12-20,29.85,34.8055,16.6013,14.5553,16.1658,2.5469,2.2261,12079004584.5,7.4346,23.5264,10.0,3.0,12.1595,4.6539,5.183881944444445,3.5217243887715592,6.758477777777778,3.377738936386717,8.705606333216004,3.3807388413910613
2017-12-21,29.83,34.8055,16.6795,14.5455,16.1658,2.5452,2.2274,12070911449.1,7.4346,23.5264,10.0,3.0,12.1595,4.6539,5.199360714285715,3.554981232751144,6.821316666666667,3.4871832562514755,8.754341947036858,3.334133410415192
2017-12-22,29.9,34.8055,16.4064,14.5797,16.1658,2.5512,2.2309,12099237423.0,7.4346,23.5264,10.0,3.0,12.1595,4.6539,5.214942261904762,3.5867787689949875,6.881709523809524,3.586159189315111,8.801721030899749,3.2955503344944126
2017-12-26,30.09,34.8055,15.6713,14.6723,16.1658,2.5674,2.2329,12176122209.3,7.4346,23.5264,10.0,3.0,12.1595,4.6539,5.229614682539682,3.614346360934674,6.936825396825396,3.6671922442967833,8.843961043474357,3.269633152528613
2017-12-27,30.16,34.8055,15.4029,14.7065,16.1658,2.5734,2.2338,12204448183.2,7.4346,23.5264,10.0,3.0,12.1595,4.6539,5.244935515873015,3.6410262977494336,7.00243253968254,3.743933351219454,8.88596181362245,3.258499188463086
2017-12-28,30.28,34.8055,14.9455,14.765,16.1658,2.5836,2.2353,12253006995.6,7.4346,23.5264,10.0,3.0,12.1595,4.6539,5.260248412698412,3.665528662073508,7.062784126984127,3.810142509679482,8.92577707477192,3.252641617304645
2017-12-29,30.26,34.8055,15.0215,14.7559,16.1658,2.5819,2.2359,12244913860.2,7.4346,23.5267,10.0,3.0,12.1595,4.6539,5.273905357142857,3.689020505329087,7.115795238095238,3.874014630676783,8.962925862471945,3.241780607418455
2018-01-02,29.43,34.8055,18.2654,14.3512,16.1659,2.5111,2.2382,11909048741.1,7.4346,23.5267,10.0,3.0,12.1595,4.6539,5.291229960317461,3.729348362060243,7.207084126984126,3.9991377574555567,9.020578322377704,3.2079463695285697
2018-01-03,29.46,34.8055,18.1449,14.3274,16.1658,2.5101,2.2387,11921188444.2,7.4747,23.6536,10.0,3.0,12.1595,4.6539,5.305474603174604,3.764609662174612,7.302222222222222,4.11488185124954,9.070084265349216,3.187340370972682
2018-01-04,29.57,34.8055,17.7054,14.3718,16.1658,2.5194,2.2405,11965700688.9,7.4747,23.9258,10.0,3.0,12.1595,4.6539,5.319612103174603,3.797690926266053,7.382643650793651,4.217932980700379,9.117303029440656,3.164710670093272
2018-01-05,29.45,34.8055,18.1851,14.3024,16.1658,2.509,2.2407,11917141876.5,7.5,23.8679,10.0,3.0,12.1595,4.6539,5.3356553571428575,3.8348203746221534,7.47601746031746,4.325309382582165,9.170475731765013,3.150708077735296
2018-01-08,29.46,34.6944,17.7678,14.2456,16.1659,2.4784,2.242,11921188444.2,8.0721,25.0842,10.0,3.0,12.1595,4.6539,5.351063293650793,3.869055274410413,7.568203174603175,4.419625058847238,9.220118568061206,3.148578115755937
2018-01-09,29.08,34.5555,18.8291,14.1069,16.1659,2.4465,2.2423,11767418871.6,7.4597,26.2075,11.0,3.0,12.1595,4.6539,5.366667658730159,3.907409285475503,7.669643650793651,4.529754703689812,9.274076944205662,3.139888947103839
2018-01-10,28.92,34.5555,19.4865,14.0225,16.1658,2.433,2.2426,11702673788.4,7.4596,26.4419,11.0,3.0,12.1595,4.6539,5.383092658730159,3.949189269690486,7.779714285714285,4.646491460579141,9.332281928420644,3.133222825135144
2018-01-11,29.62,34.5555,16.6627,14.3619,16.1658,2.4919,2.2431,11985933527.4,7.4596,26.4419,11.0,3.0,12.1595,4.6539,5.391761309523809,3.969133242937274,7.868418253968254,4.708622094828244,9.360894552461083,3.1597961591400097
2018-01-12,30.23,34.5555,14.3086,14.6499,16.1658,2.5432,2.2441,12232774157.1,7.4596,26.5627,11.0,3.0,12.1595,4.6539,5.39336130952381,3.9725701933664506,7.93506746031746,4.740020437910926,9.36593150289026,3.195047022406534
2018-01-16,30.46,34.5555,13.4455,14.7613,16.1659,2.5626,2.2475,12325845214.2,7.4596,26.5627,11.0,3.0,12.1595,4.6539,5.393446230158729,3.9727422011107874,7.998262698412699,4.7601031603063015,9.366188431269515,3.238159538106397
2018-01-17,30.33,34.5555,13.9318,14.6983,16.1658,2.5517,2.2479,12273239834.1,7.4596,26.6647,11.0,3.0,12.1701,4.6539,5.394069246031745,3.974058932971437,8.067393650793651,4.782648588399523,9.368128179003184,3.284745062394128
2018-01-18,29.97,34.5555,15.3003,14.5239,16.1658,2.5214,2.2493,12127563396.9,7.4596,26.6647,11.0,3.0,12.1701,4.6539,5.400300793650794,3.987129658234075,8.153042063492064,4.814928095037047,9.38743045188487,3.3381139684550174
2018-01-19,30.38,34.5555,13.7442,14.7147,16.1658,2.554,2.2512,12293472672.6,7.4896,27.3067,11.0,3.0,12.1701,4.6539,5.397066071428571,3.979675949901215,8.230911904761905,4.825454555311626,9.376742021329786,3.40545734945028
2018-01-22,30.92,34.5555,11.7578,14.9763,16.1659,2.5994,2.2526,12511987328.4,7.4896,27.3067,11.0,3.0,12.1701,4.6539,5.390207142857143,3.9656760646038864,8.297287301587302,4.815906477779446,9.35588320746103,3.4813808238078554
2018-01-23,31.13,34.5555,11.0039,15.078,16.1659,2.6171,2.253,12596965250.1,7.4896,27.3067,11.0,3.0,12.1701,4.6539,5.383007539682539,3.952134217299965,8.357679365079365,4.801623293800896,9.335141756982503,3.556056071278469
2018-01-24,31.14,34.4545,10.6439,15.0246,16.1658,2.6179,2.2549,12601011817.8,7.4896,27.6209,10.0,3.0,12.1701,4.6539,5.377573611111111,3.942985607868073,8.42043015873016,4.779196817127721,9.320559218979184,3.64123334160244
2018-01-25,30.79,34.4545,11.9016,14.8557,16.1658,2.5885,2.2574,12459381948.3,7.4896,27.6209,10.0,3.0,12.1701,4.6539,5.375348412698413,3.938976744298517,8.49242142857143,4.762613326074006,9.31432515699693,3.7298081024974232
2018-01-26,30.7,34.4545,12.2296,14.813,16.1658,2.5809,2.2603,12422962839.0,7.4896,27.6242,10.0,3.0,12.1701,4.6539,5.372548611111111,3.933587915613268,8.526883333333332,4.773896960743975,9.30613652672438,3.7529863725893575
2018-01-29,30.43,34.4545,13.2254,14.6828,16.1659,2.5582,2.2652,12313705511.1,7.4896,27.6242,10.0,3.0,12.1701,4.6539,5.374162103174603,3.93664679487588,8.58076507936508,4.788403688584678,9.310808898050482,3.7923613907804015
2018-01-30,30.28,34.4545,13.7863,14.6104,16.1659,2.5456,2.2659,12253006995.6,7.4896,27.6242,10.0,3.0,12.1701,4.6539,5.380057936507936,3.947022825878802,8.650823015873016,4.799552666408255,9.32708076238674,3.8512703494647607
2018-01-31,30.31,34.4545,13.6737,14.6248,16.1658,2.5482,2.266,12265146698.7,7.4896,27.6242,10.0,3.0,12.1701,4.6539,5.3871851190476185,3.958755040792323,8.722803968253968,4.806382183961725,9.34594015983994,3.9164217842922433
2018-02-01,30.41,34.4545,13.2999,14.6731,16.1658,2.5566,2.2672,12305612375.7,7.4896,27.6242,10.0,3.0,12.1701,4.6539,5.388946428571429,3.9620828659189504,8.794362698412698,4.806879152643429,9.35102929449038,3.987483545769269
2018-02-02,30.32,34.4545,13.6362,14.6297,16.1658,2.549,2.2688,12269193266.4,7.4896,27.6242,10.0,3.0,12.1701,4.6539,5.391374999999999,3.966768706735172,8.867065873015875,4.810311067715536,9.358143706735172,4.056754805300339
2018-02-05,29.2,34.4545,17.9949,14.0893,16.1659,2.4548,2.2717,11815977684.0,7.4896,27.6242,10.0,3.0,12.1701,4.6539,5.4003218253968255,3.990077940234351,8.977153174603174,4.859365623958582,9.390399765631177,4.117787550644592
2018-02-06,28.95,34.4545,19.0138,13.9686,16.1658,2.4338,2.272,11714813491.5,7.4896,27.6242,10.0,3.0,12.1701,4.6539,5.411187896825398,4.01962878137173,9.088699206349206,4.927230663007356,9.430816678197129,4.161468543341851
2018-02-07,29.33,34.4545,17.4719,14.152,16.1658,2.4658,2.2723,11868583064.1,7.4896,27.6242,10.0,3.0,12.1701,4.6539,5.424688888888889,4.048640927476474,9.188007936507937,4.9692504469886645,9.473329816365364,4.218757489519272
2018-02-08,28.67,34.4545,20.1761,13.8335,16.1658,2.4103,2.2739,11601509595.9,7.4896,27.6242,10.0,3.0,12.1701,4.6539,5.44423492063492,4.09584978059249,9.305942857142858,5.052268247928756,9.54008470122741,4.253674609214103
2018-02-09,28.96,34.4545,18.9727,13.9735,16.1658,2.4347,2.2746,11718860059.2,7.4896,27.6242,10.0,3.0,12.1701,4.6539,5.466363095238095,4.138614292232095,9.410949999999998,5.11470863019591,9.60497738747019,4.296241369804088
2018-02-12,28.97,34.4545,18.9317,13.9783,16.1659,2.5202,2.2767,12130791219.37,7.4896,27.6242,10.0,3.0,12.1701,4.6539,5.481880158730159,4.174327341962519,9.512227777777778,5.176008965411743,9.656207500692677,4.336218812366035
2018-02-13,29.14,34.212,17.4056,12.7021,16.1658,2.4388,2.2775,12201976393.94,8.6969,39.0813,3.0,3.0,12.1701,4.6539,5.499784126984127,4.206021964851465,9.605839682539685,5.211419219261987,9.705806091835592,4.394420463277696
2018-02-14,30.01,34.212,14.002,13.0768,16.1658,2.5073,2.2783,12566276993.21,8.6938,39.0851,3.0,3.0,12.1701,4.6539,5.511979166666667,4.221747310399467,9.67477380952381,5.211670456629916,9.733726477066137,4.463103352893894
2018-02-15,29.95,34.212,14.2304,13.07,16.1658,2.5022,2.2792,12541152813.95,8.6938,39.0862,3.0,3.0,12.1701,4.6539,5.523309325396826,4.2374695645666165,9.743185714285714,5.214467814206431,9.760778889963444,4.5287179000792825
2018-02-16,29.95,34.212,14.2304,13.094,16.1658,2.5022,2.2795,12541152813.95,8.6938,39.4901,3.0,3.0,19.0011,4.6539,5.53520634920635,4.253483012512544,9.80925,5.218197234689439,9.788689361718896,4.591052765310562
2018-02-20,29.57,34.212,15.6983,12.9279,16.1659,2.4705,2.281,12382033011.97,8.6938,39.4901,3.0,3.0,19.0011,4.6539,5.550860515873016,4.276323430940681,9.885128571428572,5.23386835251878,9.827183946813696,4.651260218909792
2018-02-21,29.61,34.212,15.542,12.9454,16.1658,2.4738,2.282,12398782464.81,8.6938,39.4901,3.0,3.0,19.0011,4.6539,5.566484722222223,4.298400452341823,9.961863492063491,5.245444919479853,9.864885174564044,4.716418572583638
2018-02-22,29.31,34.212,16.7247,12.8142,16.1658,2.4488,2.2828,12273161568.51,8.6938,39.4901,3.0,3.0,19.0011,4.6539,5.582669047619048,4.3249973453047055,10.053181746031749,5.262336547601703,9.907666392923757,4.790845198430044
2018-02-23,29.33,34.212,16.6451,12.8028,16.1658,2.4404,2.2851,12281536294.93,9.6528,39.8778,3.0,3.0,19.0011,4.6539,5.600668253968254,4.352090632108141,10.143609523809523,5.27703498191826,9.952758886076396,4.866574541891263
2018-02-26,29.53,34.212,15.8551,12.8901,16.1659,2.4571,2.2878,12365283559.13,9.6528,39.8778,3.0,3.0,19.0011,4.6539,5.618026785714286,4.37549265420644,10.22517619047619,5.285317455342589,9.993519439920725,4.939858735133602
2018-02-27,29.68,34.212,15.2695,12.9556,16.1659,2.4696,2.2879,12428094007.28,9.6528,39.8778,3.0,3.0,19.0011,4.6539,5.631418650793651,4.394679118212937,10.308288095238096,5.281618439540821,10.026097769006588,5.026669655697274
2018-02-28,29.41,34.212,16.3278,12.8377,16.1658,2.4471,2.2888,12315035200.61,9.6528,39.8778,3.0,3.0,19.0011,4.6539,5.646149801587302,4.418049884353499,10.390736507936507,5.2939411548464514,10.0641996859408,5.096795353090056
2018-03-01,28.75,34.212,18.9983,12.5497,16.1658,2.3922,2.2925,12038669228.75,9.6528,39.8778,3.0,3.0,19.0011,4.6539,5.668445039682539,4.456927631061993,10.49464126984127,5.333551369363911,10.125372670744532,5.16108990047736
2018-03-02,28.71,34.212,19.1641,12.5322,16.1658,2.3888,2.2954,12021919775.91,9.6528,39.8778,3.0,3.0,19.0011,4.6539,5.692553571428571,4.4969009495348455,10.596174603174603,5.376022033123591,10.189454520963416,5.220152570051012
2018-03-05,29.71,34.212,15.1531,12.9687,16.1659,2.4721,2.2973,12440656096.91,9.6528,39.8778,3.0,3.0,19.0011,4.6539,5.709620833333334,4.516447363406749,10.67185873015873,5.372487146270676,10.226068196740083,5.299371583888054
2018-03-06,30.02,34.212,13.964,13.104,16.1659,2.4978,2.2973,12570464356.42,9.6528,39.8778,3.0,3.0,19.0011,4.6539,5.724146031746033,4.531203932808557,10.740680158730155,5.358549188637128,10.25534996455459,5.382130970093029
2018-03-07,29.89,34.212,14.4597,13.0473,16.1658,2.487,2.2977,12516028634.69,9.6528,39.8778,3.0,3.0,19.0011,4.6539,5.737716071428571,4.547107371876238,10.791299206349208,5.363352877214012,10.28482344330481,5.427946329135195
2018-03-08,29.57,34.212,15.6983,12.9076,16.1658,2.4604,2.2981,12382033011.97,9.6528,39.8778,3.0,3.0,19.0011,4.6539,5.754115674603175,4.5680899681453,10.84821746031746,5.377163456203759,10.322205642748475,5.471054004113702
2018-03-09,29.36,34.212,16.5259,12.8159,16.1658,2.4429,2.2984,12294098384.56,9.6528,39.8778,3.0,3.0,19.0011,4.6539,5.771878373015873,4.592518653875147,10.881496825396823,5.399354552476646,10.36439702689102,5.4821422729201785
2018-03-12,28.38,34.212,20.5497,12.3881,16.1659,2.3614,2.2992,11883736789.98,9.6528,39.8778,3.0,3.0,19.0011,4.6539,5.797903769841271,4.638882073184444,10.97085396825397,5.465576744632223,10.436785843025714,5.505277223621746
2018-03-13,28.48,34.212,20.1264,12.4318,16.1659,2.3697,2.2992,11925610422.08,9.6528,39.8778,3.0,3.0,19.0011,4.6539,5.826918452380951,4.682560527853805,11.079946031746031,5.510224703783374,10.509478980234755,5.569721327962657
2018-03-14,28.14,34.212,21.5778,12.2834,16.1659,2.3414,2.3004,11783240072.94,9.6528,39.8778,3.0,3.0,19.0011,4.6539,5.8581843253968255,4.734829955742169,11.207299206349209,5.56610882265877,10.593014281138997,5.641190383690439
2018-03-15,28.09,34.212,21.7942,12.2616,16.1659,2.3373,2.3021,11762303256.89,9.6528,39.8778,3.0,3.0,19.0011,4.6539,5.889789484126984,4.7877445240803285,11.338934126984126,5.618972082894384,10.677534008207314,5.719962044089742
2018-03-16,28.35,34.212,20.6772,12.375,16.1659,2.3589,2.3026,11871174700.35,9.6528,39.8778,3.0,3.0,19.0011,4.6539,5.918272817460318,4.832808777281426,11.448722222222225,5.66539322878674,10.751081594741745,5.783328993435483
2018-03-19,28.47,34.212,20.1686,12.4274,16.1659,2.3689,2.3072,11921423058.87,9.6528,39.8778,3.0,3.0,19.0011,4.6539,5.947192063492064,4.874291134007277,11.553946031746031,5.703423446424484,10.82148319749934,5.850522585321548
2018-03-20,28.65,34.212,19.4136,12.506,16.1659,2.3839,2.3076,11996795596.65,9.6528,39.8778,3.0,3.0,19.0011,4.6539,5.974881944444445,4.91100753228482,11.65985,5.724623243606553,10.885889476729265,5.935226756393448
2018-03-21,28.61,34.212,19.5806,12.476,16.1659,2.3805,2.308,11980046143.81,9.6528,39.9517,3.0,3.0,19.0883,4.6539,6.003794047619048,4.948062781403629,11.762887301587302,5.749567740649542,10.951856829022676,6.01331956093776
2018-03-22,28.12,34.212,21.6643,12.2623,16.1659,2.3398,2.3102,11774865346.52,9.6528,39.9517,3.0,3.0,19.0883,4.6539,6.036928968253968,4.996764393613355,11.884563492063492,5.795778527039911,11.033693361867323,6.0887849650235815
2018-03-23,27.8,34.212,23.0647,12.1228,16.1659,2.3131,2.3121,11640869723.8,9.6528,39.9517,3.0,3.0,19.0883,4.6539,6.072842460317461,5.053761579729892,12.029999206349206,5.84476778246662,11.126604040047354,6.185231423882587
2018-03-26,28.1,33.9696,20.8883,12.2536,16.1659,2.3381,2.3123,11766490620.1,9.6528,39.9517,3.0,3.0,19.0883,4.6539,6.100923214285715,5.096589060655901,12.158161904761904,5.860659796997053,11.197512274941616,6.297502107764851
2018-03-27,28.16,33.9696,20.6307,12.2798,16.1659,2.3431,2.3123,11791614799.36,9.6528,39.9517,3.0,3.0,19.0883,4.6539,6.13111746031746,5.137419170444959,12.283771428571429,5.871372850580819,11.26853663076242,6.41239857799061
2018-03-28,28.6,33.9696,18.7748,12.4717,16.1659,2.3797,2.3127,11975858780.6,9.6528,39.9517,3.0,3.0,19.0883,4.6539,6.15878492063492,5.16785871298994,12.39541507936508,5.859893162876878,11.32664363362486,6.535521916488202
2018-03-29,28.53,33.9696,19.0662,12.4411,16.1659,2.3739,2.3133,11946547238.13,9.6528,39.9517,3.0,3.0,19.0883,4.6539,6.189562698412699,5.19841737008827,12.514421428571428,5.84172519247675,11.387980068500967,6.672696236094677
2018-04-02,28.4,33.9696,19.6113,12.3834,16.1659,2.3631,2.3152,11892111516.4,9.6528,39.9517,3.0,3.0,19.0883,4.6539,6.220381746031746,5.231813135158463,12.639757142857142,5.823054281380944,11.45219488119021,6.816702861476198
2018-04-03,28.67,33.9696,18.4848,12.4962,16.1659,2.3856,2.3154,12005170323.07,8.5075,39.6767,4.0,3.0,19.0883,4.6539,6.251971031746032,5.257691965920304,12.752136507936507,5.797884590650013,11.509662997666336,6.954251917286494
2018-04-04,28.84,33.9696,17.7864,12.5703,16.1659,2.3998,2.3156,12076355497.64,7.7417,39.126,5.0,3.0,19.0883,4.6539,6.281750595238096,5.280429474306112,12.87139365079365,5.745009818752247,11.562180069544208,7.126383832041403
2018-04-05,28.8,33.9696,17.95,12.5528,16.1659,2.3964,2.3168,12059606044.8,7.7417,39.126,5.0,3.0,19.0883,4.6539,6.3078698412698415,5.305513685827224,12.99268253968254,5.688910953398115,11.613383527097064,7.303771586284424
2018-04-06,28.47,33.6666,18.2529,12.409,16.1659,2.3668,2.3188,11921423058.87,7.872,39.1565,5.0,3.0,19.0883,4.6539,6.3323583333333335,5.332094005539133,13.113188095238096,5.637608103635573,11.664452338872469,7.475579991602522
2018-04-09,26.79,33.6666,25.6685,11.6768,16.1659,2.2272,2.323,11217946039.59,7.872,39.173,5.0,3.0,19.0883,4.6539,6.371560317460317,5.401170802176763,13.297441269841269,5.665713198872981,11.77273111963708,7.631728070968287
2018-04-10,26.26,33.6666,28.2049,11.4647,16.1659,2.1831,2.3209,10996015789.46,7.8701,39.0198,5.0,3.0,19.0883,4.6539,6.4154333333333335,5.4880111345733065,13.49889523809524,5.7410214288101615,11.90344446790664,7.757873809285077
2018-04-11,26.6,33.6666,26.5662,11.6132,16.1659,2.2114,2.3188,11138386138.6,7.8701,39.0362,5.0,3.0,19.0883,4.6539,6.455328174603174,5.5609289563573565,13.683899206349208,5.783725270660743,12.01625713096053,7.900173935688465
2018-04-12,26.98,33.6666,24.7835,11.7914,16.1659,2.243,2.3188,11297505940.58,7.8701,38.9879,5.0,3.0,19.0883,4.6539,6.493305158730158,5.620410209551539,13.851779365079365,5.796561678406527,12.113715368281698,8.055217686672837
2018-04-13,26.97,33.6666,24.8298,11.7871,16.1659,2.2422,2.3188,11293318577.37,7.8701,38.9552,5.0,3.0,19.0883,4.6539,6.532267063492063,5.679134782933922,14.020638095238096,5.804059047361376,12.211401846425986,8.216579047876719
2018-04-16,27.38,33.6666,22.9606,11.9663,16.1659,2.2762,2.323,11465000468.98,7.8701,38.9552,5.0,3.0,19.0883,4.6539,6.567609126984127,5.725737750389761,14.171727777777775,5.786866523978457,12.293346877373889,8.38486125379932
2018-04-17,27.23,33.6666,23.6379,11.9002,16.1659,2.2638,2.323,11402190020.83,7.8701,38.9596,5.0,3.0,19.0991,4.6539,6.606840277777778,5.77471450842564,14.326431746031746,5.777223956201144,12.381554786203417,8.549207789830602
2018-04-18,26.83,33.6666,25.4812,11.7254,16.1659,2.2305,2.3209,11234695492.43,7.8701,38.9596,5.0,3.0,19.0991,4.6539,6.650075,5.8341052624860295,14.495179365079366,5.790143564842849,12.48418026248603,8.705035800236516
2018-04-19,26.86,33.6666,25.341,11.7385,16.1658,2.233,2.3188,11247257582.06,7.8701,38.9596,5.0,3.0,19.0991,4.6539,6.692250992063491,5.892066542174682,14.668544444444445,5.78522615066422,12.584317534238174,8.883318293780224
2018-04-20,27.02,33.6666,24.5988,11.8084,16.1658,2.2463,2.3188,11314255393.42,7.8701,38.9596,5.0,3.0,19.0991,4.6539,6.732430555555555,5.944860979333083,14.841670634920636,5.753063611330144,12.67729153488864,9.088607023590493
2018-04-23,27.04,33.6666,24.5067,11.8171,16.1659,2.248,2.323,11322630119.84,7.8701,38.9596,5.0,3.0,19.0991,4.6539,6.767591666666666,5.997350125387949,15.021081746031747,5.698498841490131,12.764941792054614,9.322582904541616
2018-04-24,26.95,33.6666,24.9224,11.7778,16.1659,2.2405,2.3209,11284943850.95,7.8701,38.9596,5.0,3.0,19.0991,4.6539,6.807072222222223,6.051104584761996,15.211629365079366,5.623910164247916,12.858176806984218,9.587719200831453
2018-04-25,26.87,33.6666,25.2944,11.7429,16.1658,2.2338,2.3188,11251444945.27,7.8701,38.9596,5.0,3.0,19.0991,4.6539,6.84808253968254,6.106079169319743,15.407007142857143,5.5419397030019,12.954161709002284,9.865067439855242
2018-04-26,27.11,33.6666,24.1852,11.8477,16.1658,2.2538,2.3188,11351941662.31,7.8701,38.9596,5.0,3.0,19.0991,4.6539,6.887590873015873,6.153618585562187,15.590054761904762,5.446384145682101,13.04120945857806,10.14367061622266
2018-04-27,27.23,33.6666,23.6379,11.9007,16.1658,2.2638,2.3188,11402190020.83,7.8701,38.9596,5.0,3.0,19.0991,4.6539,6.926274007936508,6.19744546317951,15.770173015873018,5.332190069236676,13.12371947111602,10.437982946636344
2018-04-30,26.71,33.6666,26.0449,11.6734,16.1659,2.2205,2.3209,11184447133.91,7.8701,38.9596,5.0,3.0,19.0991,4.6539,6.967227182539682,6.255296109837209,15.954164285714286,5.282965076234602,13.222523292376891,10.671199209479685
2018-05-01,26.88,33.6666,25.2478,11.7354,16.1659,2.1932,2.3188,11232996956.16,7.8752,39.057,5.0,3.0,19.0991,4.6539,7.005662896825397,6.307872474080035,16.116501587301588,5.251438846213259,13.313535370905432,10.86506274108833
2018-05-02,26.31,33.0605,25.6575,11.4685,16.1658,2.1342,2.3178,10994797243.92,8.0973,39.0915,6.0,3.0,19.1821,4.6539,7.046947619047619,6.3615989545461895,16.283089682539682,5.218163099955086,13.408546573593808,11.064926582584595
2018-05-03,25.98,32.8787,26.5539,11.2721,16.1658,2.104,2.3178,10856892147.36,8.1158,39.3041,6.0,3.0,19.1821,4.6539,7.088865079365079,6.420239101191774,16.45504126984127,5.196590618492411,13.509104180556854,11.25845065134886
2018-05-04,26.28,32.8787,25.1092,11.4023,16.1658,2.1283,2.3178,10982260416.96,8.1158,39.3041,6.0,3.0,19.1821,4.6539,7.127204563492063,6.4699470262333065,16.600470634920633,5.1801861695976665,13.59715158972537,11.420284465322966
2018-05-07,26.38,32.6363,23.7161,11.4457,16.1659,2.1339,2.3209,11024049840.16,8.1286,39.3861,6.0,3.0,19.1821,4.6539,7.163225198412698,6.511615957932268,16.712716666666665,5.17992420141841,13.674841156344966,11.532792465248257
2018-05-08,26.66,32.6363,22.4167,11.5672,16.1659,2.1565,2.3188,11141060225.12,8.1286,39.3861,6.0,3.0,19.1821,4.6539,7.19570753968254,6.546767410584611,16.806643650793653,5.175162797323337,13.742474950267152,11.631480853470316
2018-05-09,26.46,32.3636,22.3114,11.4889,16.1658,2.1348,2.3178,11057481378.72,8.3401,39.3362,6.0,3.0,19.1821,4.6539,7.228249801587302,6.581037868431195,16.909379365079367,5.154732540325534,13.809287670018495,11.754646824753834
2018-05-10,26.52,32.3636,22.0347,11.5149,16.1658,2.1397,2.3178,11082555032.64,8.3401,39.3362,6.0,3.0,19.1821,4.6539,7.263591269841269,6.612616326098608,17.010463492063494,5.129099971910924,13.876207595939878,11.881363520152568
2018-05-11,26.55,32.3636,21.8968,11.5279,16.1658,2.1421,2.3178,11095091859.6,8.3401,39.3362,6.0,3.0,19.1821,4.6539,7.299694246031746,6.642730001889165,17.109090476190474,5.102350326089801,13.942424247920911,12.006740150100672
2018-05-14,26.39,32.3636,22.6358,11.4585,16.1658,2.1292,2.3209,11028228782.48,8.3401,39.3362,6.0,3.0,19.1821,4.6539,7.336660912698412,6.676113660514708,17.21765873015873,5.072937674385848,14.01277457321312,12.14472105577288
2018-05-15,26.05,32.3636,24.2365,11.3108,16.1658,2.1017,2.3188,10886144743.6,8.3401,39.3362,6.0,3.0,19.1821,4.6539,7.376803571428571,6.716740910367535,17.33376111111111,5.064772271128849,14.093544481796105,12.26898883998226
2018-05-16,26.25,32.3636,23.2899,11.3858,16.1622,2.1179,2.3178,10969723590.0,8.3401,39.411,6.0,3.0,19.2803,4.6539,7.416099007936508,6.751768830104285,17.445623015873018,5.039169901643142,14.167867838040792,12.406453114229876
2018-05-17,26.27,32.3636,23.196,11.3945,16.1572,2.1195,2.3178,10978081474.64,8.3401,39.411,6.0,3.0,19.2803,4.6539,7.45190753968254,6.7874822408111335,17.555379365079364,5.0123321095764295,14.239389780493674,12.543047255502934
2018-05-18,26.22,32.3636,23.431,11.3561,16.1558,2.1155,2.3178,10957186763.04,8.3401,39.4112,6.0,3.0,19.2803,4.6539,7.490279166666666,6.823020565992641,17.6751,4.970587183438201,14.313299732659306,12.7045128165618
2018-05-21,26.53,32.3636,21.9887,11.4898,16.1552,2.1405,2.3209,11086733974.96,8.3401,38.1061,6.0,3.0,19.2803,4.6539,7.524483531746032,6.852401508239696,17.77663492063492,4.926453717299178,14.376885039985728,12.85018120333574
2018-05-22,26.55,32.3636,21.8968,11.4985,16.1547,2.1421,2.3188,11095091859.6,8.3401,38.1061,6.0,3.0,19.2803,4.6539,7.558680555555555,6.881032050226276,17.879878571428574,4.874726593483704,14.439712605781832,13.00515197794487
2018-05-23,26.25,32.3636,23.2899,11.3686,16.1535,2.1179,2.3178,10969723590.0,8.3401,38.1061,6.0,3.0,19.2803,4.6539,7.594144642857143,6.915938480473685,17.992554761904763,4.83390033687262,14.51008312333083,13.158654425032145
2018-05-24,26.19,32.3636,23.5724,11.3426,16.1535,2.113,2.3178,10944649936.08,8.3401,38.1061,6.0,3.0,19.2803,4.6539,7.633314484126984,6.950401071721086,18.11845,4.770092260420136,14.58371555584807,13.348357739579864
2018-05-25,26.34,32.3636,22.8686,11.4075,16.1515,2.1251,2.3178,11007334070.88,8.3401,38.1061,6.0,3.0,19.2803,4.6539,7.670743055555555,6.981543697526239,18.22615238095237,4.72230985629219,14.652286753081793,13.503842524660188
2018-05-29,26.0,32.3636,24.4754,11.2603,16.1506,2.0977,2.3188,10865250032.0,8.3401,38.1061,6.0,3.0,19.2803,4.6539,7.711876388888889,7.019332586344058,18.34715158730159,4.685121042017755,14.731208975232947,13.662030545283834
2018-05-30,26.36,32.3636,22.7754,11.4162,16.149,2.1268,2.3178,11015691955.52,8.3401,38.1061,6.0,3.0,19.2803,4.6539,7.750407142857144,7.048612095528379,18.46006111111112,4.6180431083648,14.799019238385522,13.842018002746313
2018-05-31,26.15,32.3636,23.7614,11.3252,16.1405,2.1098,2.3178,10927934166.8,8.3401,38.1061,6.0,3.0,19.2803,4.6539,7.792333531746031,7.080868792212663,18.58453809523809,4.546770656276519,14.873202323958694,14.037767438961575
2018-06-01,26.61,32.3636,21.6219,11.5245,16.1336,2.1469,2.3178,11120165513.52,8.3401,38.1061,6.0,3.0,19.2803,4.6539,7.829593650793651,7.10414249967895,18.688024603174604,4.464954947278852,14.9337361504726,14.223069655895753
2018-06-04,26.9,32.3636,20.3108,11.6501,16.1212,2.1703,2.3209,11241354840.8,8.3401,38.1061,6.0,3.0,19.2803,4.6539,7.864673611111111,7.122048279487142,18.766906349206348,4.404239745222712,14.986721890598254,14.362666603983635
2018-06-05,27.03,32.3636,19.7321,11.7064,16.1178,2.1808,2.3188,11295681090.96,8.3401,38.1061,6.0,3.0,19.2803,4.6539,7.897166071428571,7.138773698555258,18.842857936507937,4.336662075843189,15.035939769983829,14.506195860664748
2018-06-06,27.2,32.3636,18.9838,11.78,16.1178,2.1945,2.3178,11366723110.4,8.3401,38.1061,6.0,3.0,19.2803,4.6539,7.926886706349206,7.153701292716183,18.90138492063492,4.287745416473655,15.08058799906539,14.613639504161268
2018-06-07,27.21,32.3636,18.9401,11.7843,16.1168,2.1953,2.3178,11370902052.72,8.3401,38.1061,6.0,3.0,19.2803,4.6539,7.95600119047619,7.16861836595436,18.95067857142857,4.251769823884777,15.124619556430549,14.698908747543795
2018-06-08,28.1,32.3636,15.173,12.1698,16.115,2.2671,2.3178,11742827919.2,8.3401,38.1061,6.0,3.0,19.2803,4.6539,7.9793625,7.17292162711055,18.97151984126984,4.226490133792248,15.15228412711055,14.745029707477595
2018-06-11,27.83,32.0908,15.3101,12.0779,16.1108,2.2414,2.3209,11629996476.56,8.6055,38.0816,6.0,3.0,19.2803,4.6539,8.002224801587301,7.177895619149341,18.98382222222222,4.213435028722083,15.180120420736642,14.770387193500136
2018-06-12,27.71,32.0908,15.8095,12.0259,16.1108,2.2317,2.3188,11579849168.72,8.6055,38.0816,6.0,3.0,19.2803,4.6539,8.025041071428571,7.184409714718791,19.00156031746032,4.195145053684406,15.209450786147364,14.806415263775914
2018-06-13,27.52,32.0908,16.609,11.9434,16.1108,2.2164,2.3178,11500449264.64,8.6055,38.0816,6.0,3.0,19.2803,4.6539,8.045820436507936,7.194074449700377,19.031193650793654,4.164600016207968,15.239894886208312,14.866593634585689
2018-06-14,27.04,32.0908,18.679,11.7351,16.1038,2.1777,2.3178,11299860033.28,8.6055,38.0816,6.0,3.0,19.2803,4.6539,8.068801587301587,7.209519170462179,19.074050793650795,4.132593899114623,15.278320757763764,14.941456894536172
2018-06-15,26.84,31.861,18.7072,11.6437,16.1029,2.1616,2.3178,11216281186.88,8.6055,38.1318,7.0,3.0,19.2803,4.6539,8.089337698412699,7.225066090246968,19.09984841269841,4.119958290521579,15.314403788659668,14.979890122176837
2018-06-18,26.79,31.861,18.9287,11.6221,16.101,2.1576,2.3209,11195386475.28,8.6055,38.1318,7.0,3.0,19.2803,4.6539,8.112630952380952,7.241063907138953,19.12005555555556,4.112762033369901,15.353694859519903,15.007293522185655
2018-06-19,26.91,31.861,18.3984,11.6741,16.1002,2.1673,2.3188,11245533783.12,8.6055,38.1318,7.0,3.0,19.2803,4.6539,8.133115277777778,7.255543759201947,19.158340476190475,4.083071746206353,15.388659036979725,15.07526872998412
2018-06-20,27.02,31.861,17.9164,11.7208,16.0994,2.1761,2.3188,11291502148.64,8.6055,38.1204,7.0,3.0,19.2803,4.6539,8.1544,7.268491760299554,19.188034126984128,4.060080785997497,15.422891760299557,15.12795334098663
2018-06-21,26.36,31.9166,21.0797,11.3979,16.0968,2.1534,2.3188,11015691955.52,7.8675,39.4331,7.0,3.0,5.4547,4.6539,8.182783333333333,7.290988525292308,19.233392063492065,4.048933217243343,15.47377185862564,15.184458846248722
2018-06-22,26.48,31.8889,20.4264,11.4856,16.0962,2.1644,2.3188,11065839263.36,7.8138,39.1195,8.0,3.0,5.4547,4.6539,8.210324603174604,7.310981400175176,19.26375,4.04337657101092,15.521306003349778,15.22037342898908
2018-06-25,26.61,31.8889,19.838,11.542,16.0908,2.175,2.323,11120165513.52,7.8138,39.1195,8.0,3.0,5.4547,4.6539,8.239293849206348,7.328085091504577,19.28881746031746,4.03701275826727,15.567378940710924,15.25180470205019
2018-06-26,26.41,31.8889,20.7456,11.4552,16.0862,2.1587,2.3209,11036586667.12,7.8138,39.1195,8.0,3.0,5.4547,4.6539,8.264530158730159,7.349221226599316,19.323255555555555,4.030730407726235,15.613751385329476,15.29252514782932
2018-06-27,26.27,31.8889,21.389,11.3945,16.0816,2.1472,2.3188,10978081474.64,7.8138,39.1195,8.0,3.0,5.4547,4.6539,8.286377182539683,7.371847940136853,19.368634126984126,4.0214619353098495,15.658225122676535,15.347172191674275
2018-06-28,26.42,31.9167,20.8051,11.4541,16.0772,2.1595,2.3168,11040765609.44,7.8138,39.1292,8.0,3.0,5.4547,4.6539,8.310983333333333,7.392907107830431,19.41150873015873,4.007617029607892,15.703890441163765,15.403891700550837
2018-06-29,26.46,31.5833,19.3624,11.4714,16.0743,2.1627,2.3156,11057481378.72,7.8138,39.1292,8.0,3.0,5.4547,4.6539,8.336234920634919,7.408891078576154,19.446563492063493,3.987507117297288,15.745125999211073,15.459056374766206
2018-07-02,26.63,31.5833,18.6005,11.5451,16.0708,2.1766,2.3149,11128523398.16,7.8138,39.1292,8.0,3.0,5.4547,4.6539,8.365085912698413,7.420507090983453,19.474968253968253,3.968435059005519,15.785593003681868,15.506533194962737
2018-07-03,26.76,31.6111,18.1282,11.6015,16.0704,2.1873,2.3142,11182849648.32,7.8138,39.1292,8.0,3.0,5.4547,4.6539,8.391614087301589,7.431477188476237,19.47387936507937,3.9687884117613024,15.823091275777829,15.505090953318064
2018-07-05,26.93,31.6111,17.3825,11.6757,16.0658,2.2012,2.3133,11253891667.76,7.8138,39.1292,8.0,3.0,5.4547,4.6539,8.414815476190476,7.441270087910461,19.46782857142857,3.971411084777947,15.856085564100937,15.49641748665062
2018-07-06,27.28,31.3889,15.062,11.8054,16.0658,2.2294,2.3127,11400154648.96,7.8408,39.4522,8.0,3.0,5.4547,4.6539,8.432968055555556,7.44631257134497,19.446849206349206,3.987744189002019,15.879280626900526,15.459105017347188
2018-07-09,27.89,31.3889,12.5454,12.0694,16.0657,2.2792,2.3122,11655070130.48,7.8408,39.4522,8.0,3.0,5.4547,4.6539,8.44546507936508,7.447921595984411,19.40208968253968,4.033409004221207,15.893386675349491,15.368680678318476
2018-07-10,28.24,31.3611,11.0521,12.224,16.0632,2.3078,2.3121,11801333111.68,7.8408,39.3606,8.0,3.0,5.4547,4.6539,8.45510376984127,7.448145750488662,19.34879047619048,4.099016475076501,15.903249520329933,15.249774001113977
2018-07-11,28.04,31.3611,11.8442,12.1364,16.0608,2.2915,2.3121,11717754265.28,7.8408,39.3634,8.0,3.0,5.4547,4.6539,8.466224801587302,7.449014984981628,19.29335476190476,4.152978299940557,15.915239786568929,15.140376461964204
2018-07-12,28.08,31.3611,11.6848,12.1543,16.0605,2.2947,2.3102,11734470034.56,7.8408,39.3692,8.0,3.0,5.4673,4.6539,8.476222023809525,7.449948558137663,19.231436507936507,4.207871982664934,15.926170581947188,15.023564525271574
2018-07-13,28.43,31.3611,10.3099,12.3058,16.0597,2.3233,2.3102,11880733015.76,7.8408,39.4705,8.0,3.0,5.4673,4.6539,8.483400992063492,7.449968823387258,19.18101746031746,4.276398888879839,15.93336981545075,14.90461857143762
2018-07-16,28.53,31.3611,9.9232,12.3496,16.0548,2.3315,2.3102,11922522438.96,7.8408,39.5513,9.0,3.0,5.4673,4.6539,8.489270436507935,7.449935481827905,19.146212698412697,4.3338320516786855,15.93920591833584,14.812380646734011
2018-07-17,28.36,31.3611,10.5822,12.2749,16.0548,2.3176,2.3121,11851480419.52,7.8408,39.5441,9.0,3.0,5.4673,4.6539,8.495537301587303,7.450365793207847,19.12348809523809,4.371307952905762,15.94590309479515,14.752180142332332
2018-07-18,28.95,31.3611,8.3285,12.5303,16.054,2.3658,2.3121,12098038016.4,7.8408,39.5441,9.0,3.0,5.4673,4.6539,8.495674603174603,7.450362068610442,19.079017460317463,4.452298833440173,15.946036671785045,14.62671862687729
2018-07-19,29.01,31.3611,8.1044,12.5563,16.0512,2.3707,2.3122,12123111670.32,7.8408,39.5441,9.0,3.0,5.4673,4.6539,8.494622023809523,7.450379834108853,19.021907142857145,4.546315585529518,15.945001857918376,14.475591557327624
2018-07-20,29.05,31.3611,7.9556,12.5736,16.0491,2.374,2.3123,12139827439.6,7.8408,39.5441,9.0,3.0,5.4673,4.6539,8.493180753968254,7.45041377459336,18.97596587301588,4.628577492805545,15.943594528561617,14.34738838021033
2018-07-23,29.04,31.3611,7.9928,12.5693,16.0324,2.3732,2.3135,12135648497.28,7.8408,39.5441,9.0,3.0,5.4673,4.6539,8.492466269841271,7.450444520540437,18.94608492063492,4.687329058729591,15.942910790381708,14.258755861905328
2018-07-24,29.13,31.3611,7.6591,12.6082,16.0311,2.3805,2.3142,12173258978.16,7.8408,39.5441,9.0,3.0,5.4673,4.6539,8.494295634920634,7.450125841120362,18.91953888888889,4.741822982119387,15.944421476040995,14.177715906769505
2018-07-25,29.5,31.3611,6.3088,12.7684,16.0309,2.4108,2.3149,12327879844.0,7.8408,39.5441,9.0,3.0,5.4673,4.6539,8.492902976190477,7.450469317821263,18.885133333333336,4.817473224834783,15.94337229401174,14.067660108498554
2018-07-26,30.0,31.3611,4.537,12.9848,16.0288,2.4516,2.3156,12536826960.0,7.8408,39.5441,9.0,3.0,5.4673,4.6539,8.48625753968254,7.452504876067882,18.826684126984127,4.945846557513291,15.938762415750425,13.880837569470836
2018-07-27,30.14,31.3611,4.0514,13.0454,16.0268,2.4631,2.3168,12595332152.48,7.8408,39.5441,9.0,3.0,5.4673,4.6539,8.478001388888888,7.455113208446488,18.761777777777777,5.0848256263182,15.933114597335376,13.676952151459576
2018-07-30,30.34,31.3611,3.3655,13.1319,16.0258,2.4794,2.3188,12678910998.88,7.8408,39.5441,9.0,3.0,5.4673,4.6539,8.475072222222224,7.456834563631259,18.683524603174604,5.244085261163275,15.931906785853482,13.43943934201133
2018-07-31,30.56,31.3611,2.6214,13.2271,16.0258,2.4688,2.321,12624678424.8,7.8408,39.5441,9.0,3.0,5.4673,4.6539,8.471067460317462,7.459439972005722,18.594914285714285,5.418910215838083,15.930507432323184,13.176004069876203
2018-08-01,30.06,32.2778,7.3779,12.7378,16.0234,2.3846,2.3233,12418122822.3,7.8468,40.6792,10.0,3.0,5.4673,4.6539,8.477863293650794,7.456875232323456,18.54494761904762,5.493168098803672,15.93473852597425,13.051779520243947
2018-08-02,30.04,32.2778,7.4494,12.7121,16.021,2.3815,2.3233,12409860598.2,7.8788,40.8814,10.0,3.0,5.2827,4.6539,8.486729365079364,7.452981923299985,18.49851507936508,5.562151360098973,15.93971128837935,12.936363719266105
2018-08-03,29.96,32.641,8.9486,12.6478,16.0168,2.3722,2.3235,12376811701.8,7.969,40.916,11.0,3.0,5.2827,4.6539,8.498322619047618,7.449138291262282,18.461311904761907,5.610401301562769,15.9474609103099,12.850910603199138
2018-08-06,30.11,32.641,8.4058,12.7116,16.0059,2.3841,2.3249,12438778382.55,7.969,40.9116,11.0,3.0,5.2827,4.6539,8.509418849206348,7.444817088841324,18.385207936507936,5.681366988049318,15.954235938047672,12.703840948458618
2018-08-07,30.21,32.641,8.047,12.7538,16.0059,2.392,2.3254,12480089503.05,7.969,40.9116,11.0,3.0,5.2827,4.6539,8.520871626984126,7.439645011048964,18.29816984126984,5.755185656491305,15.960516638033091,12.542984184778534
2018-08-08,30.3,32.641,7.7261,12.7918,16.0059,2.3992,2.3262,12517269511.5,7.969,40.9116,11.0,3.0,5.2827,4.6539,8.531524007936508,7.434644168135957,18.22082222222222,5.8313651005834215,15.966168176072465,12.3894571216388
2018-08-09,30.34,32.6154,7.4997,12.7817,15.9962,2.4023,2.3276,12533793959.7,7.969,41.0659,11.0,3.0,5.2827,4.6539,8.543029166666667,7.428537206593489,18.12021587301588,5.906231550644296,15.971566373260156,12.213984322371576
2018-08-10,30.22,32.6154,7.9265,12.7312,15.9946,2.3928,2.3286,12484220615.1,7.969,41.0659,11.0,3.0,5.2827,4.6539,8.556106150793651,7.421622316347189,18.032547619047616,5.975056889619912,15.97772846714084,12.057490729427704
2018-08-13,30.1,32.6154,8.3568,12.6806,15.9907,2.3878,2.3344,12434647270.5,7.8396,41.0659,11.0,3.0,5.2827,4.6539,8.569956547619048,7.414706830489249,17.948619841269842,6.036281765060614,15.984663378108298,11.912338076209227
2018-08-14,30.27,32.6154,7.7483,12.7522,15.9906,2.4013,2.3373,12504876175.35,7.8396,41.0659,11.0,3.0,5.2827,4.6539,8.581712103174603,7.4086837337567,17.871974603174603,6.104161637216854,15.990395836931302,11.767812965957749
2018-08-15,30.26,32.6154,7.7839,12.748,15.9906,2.4005,2.3376,12500745063.3,7.8396,41.0659,11.0,3.0,5.2827,4.6539,8.597580158730159,7.39836573241278,17.822624603174603,6.160574222712517,15.995945891142938,11.662050380462086
2018-08-16,30.45,32.6154,7.1113,12.8281,15.9869,2.4156,2.338,12579236192.25,7.8396,41.0659,11.0,3.0,5.2827,4.6539,8.616154166666668,7.382812822069106,17.76612380952381,6.226080954532207,15.998966988735772,11.5400428549916
2018-08-17,30.63,32.6154,6.4819,12.8692,15.981,2.4298,2.3389,12653596209.15,7.8396,41.2912,11.0,3.0,5.2827,4.6539,8.632386111111112,7.369069229944244,17.70462777777778,6.299121442660264,16.001455341055355,11.405506335117517
2018-08-20,30.54,32.6154,6.7957,12.8314,15.9743,2.4227,2.3415,12616416200.7,7.8396,41.2912,11.0,3.0,5.2827,4.6539,8.649180555555555,7.355178196184838,17.63397222222222,6.371321184578778,16.00435875174039,11.26265103764344
2018-08-21,30.73,32.6154,6.1354,12.9112,15.9726,2.4378,2.3417,12694907329.65,7.8396,41.2912,11.0,3.0,5.2827,4.6539,8.663103968253967,7.34373281600486,17.559316666666668,6.450646643588541,16.006836784258827,11.108670023078126
2018-08-22,30.33,32.6154,7.5351,12.7432,15.971,2.406,2.3424,12529662847.65,7.8396,41.2912,11.0,3.0,5.2827,4.6539,8.679581746031747,7.331832991009516,17.486383333333333,6.51181902186786,16.011414737041264,10.974564311465471
2018-08-23,30.58,32.6154,6.656,12.8482,15.964,2.4259,2.3438,12632940648.9,7.8396,41.2912,11.0,3.0,5.2827,4.6539,8.693494444444445,7.3212985435254625,17.407104761904762,6.582565393897523,16.01479298796991,10.82453936800724
2018-08-24,30.87,32.6154,5.654,12.97,15.9612,2.4489,2.3445,12752742898.35,7.8396,41.2912,11.0,3.0,5.2827,4.6539,8.705942261904763,7.310758332547854,17.32614365079365,6.664035867844611,16.016700594452615,10.66210778294904
2018-08-27,31.14,32.6154,4.738,13.0835,15.9503,2.4703,2.3424,12864282923.7,7.8396,41.2912,11.0,3.0,5.2827,4.6539,8.716870238095238,7.300675619237096,17.242560317460317,6.7554559139004695,16.017545857332333,10.487104403559847
2018-08-28,30.89,32.6154,5.5856,12.9784,15.9503,2.4505,2.3431,12761005122.45,7.8396,41.2912,11.0,3.0,5.2827,4.6539,8.728958333333335,7.29040969176132,17.15730476190476,6.834415955007222,16.019368025094654,10.32288880689754
2018-08-29,30.87,32.6154,5.654,12.97,15.9503,2.4489,2.3445,12752742898.35,7.8396,41.2912,11.0,3.0,5.2827,4.6539,8.739858333333332,7.281674792318265,17.05139761904762,6.908648887329159,16.021533125651597,10.14274873171846
2018-08-30,30.6,32.6154,6.5863,12.8566,15.9489,2.4275,2.3445,12641202873.0,7.8396,41.2912,11.0,3.0,5.2827,4.6539,8.754759523809524,7.269533900046465,16.95157380952381,6.968487855461092,16.024293423855987,9.98308595406272
2018-08-31,30.57,32.6154,6.6909,12.844,15.9403,2.4251,2.3445,12628809536.85,7.8396,41.2912,11.0,3.0,5.2827,4.6539,8.771252579365079,7.255361150994817,16.884413492063494,7.026496406549758,16.026613730359898,9.857917085513735
2018-09-04,30.59,32.6154,6.6211,12.8524,15.9353,2.4267,2.3424,12637071760.95,7.8396,41.2926,11.0,3.0,5.2827,4.6539,8.787070436507937,7.241926819713537,16.826136507936507,7.081149813815315,16.028997256221473,9.744986694121192
2018-09-05,30.59,32.6154,6.6211,12.8524,15.928,2.4267,2.3431,12637071760.95,7.8396,41.2926,11.0,3.0,5.2827,4.6539,8.803678571428572,7.227298556202996,16.763925396825396,7.13632422810441,16.030977127631566,9.627601168720986
2018-09-06,30.36,32.6154,7.4289,12.7558,15.9144,2.4084,2.3431,12542056183.8,7.8396,41.2926,11.0,3.0,5.2827,4.6539,8.817285119047618,7.218218438685893,16.698295238095238,7.18406840486206,16.035503557733513,9.514226833233176
2018-09-07,30.28,32.6154,7.7127,12.7222,15.9066,2.4021,2.3431,12509007287.4,7.8396,41.2926,11.0,3.0,5.2827,4.6539,8.832390476190476,7.207897400439102,16.628349206349206,7.228526604510738,16.040287876629577,9.39982260183847
2018-09-10,30.08,32.6154,8.4289,12.6381,15.9023,2.3862,2.3417,12426385046.4,7.8396,41.2926,11.0,3.0,5.2827,4.6539,8.846890277777778,7.199699728776002,16.53215238095238,7.256521261196336,16.046590006553778,9.275631119756042
2018-09-11,30.23,32.6154,7.8908,12.7011,15.9002,2.3981,2.3424,12488351727.15,7.8396,41.2926,11.0,3.0,5.2827,4.6539,8.855990079365078,7.195577861816779,16.435044444444447,7.289830605950256,16.051567941181858,9.145213838494191
2018-09-12,30.0,32.6154,8.718,12.6045,15.898,2.3799,2.3431,12393336150.0,7.8396,41.2926,11.0,3.0,5.2827,4.6539,8.868621230158729,7.189723012242459,16.33298253968254,7.307254547366807,16.058344242401187,9.025727992315732
2018-09-13,30.35,32.6154,7.4643,12.7516,15.8958,2.4076,2.3431,12537925071.75,7.8396,41.2926,11.0,3.0,5.2827,4.6539,8.87816388888889,7.18464918337951,16.219253174603175,7.333045768799621,16.0628130722684,8.886207405803553
2018-09-14,30.4,32.6154,7.2875,12.7726,15.8956,2.4116,2.3431,12558580632.0,7.8396,41.2926,11.0,3.0,5.2827,4.6539,8.886219047619047,7.18057619407527,16.112985714285713,7.364876138197741,16.066795241694315,8.748109576087973
2018-09-17,30.18,32.6154,8.0696,12.6801,15.8946,2.3941,2.3417,12467696166.9,7.8396,41.2926,11.0,3.0,5.2827,4.6539,8.896054365079367,7.176045680479643,16.016961904761907,7.390405304618775,16.07210004555901,8.626556600143132
2018-09-18,30.24,32.6154,7.8552,12.7053,15.894,2.3987,2.3424,12492482839.2,7.8441,41.2912,11.0,3.0,5.2827,4.6539,8.903468253968255,7.173029658437147,15.92522857142857,7.419583943751654,16.0764979124054,8.505644627676917
2018-09-19,30.15,32.6154,8.1771,12.667,15.894,2.3916,2.3431,12455302830.75,7.8441,41.2912,11.0,3.0,5.2827,4.6539,8.912830357142857,7.168987100166707,15.8347246031746,7.444148269009024,16.081817457309565,8.390576334165576
2018-09-20,30.22,32.6154,7.9265,12.6964,15.8926,2.3971,2.3431,12484220615.1,7.8441,41.2912,11.0,3.0,5.2827,4.6539,8.922988095238095,7.163943685235494,15.725694444444445,7.458673428392552,16.086931780473588,8.267021016051892
2018-09-21,30.2,32.6154,7.998,12.688,15.8904,2.3955,2.3431,12475958391.0,7.8441,41.2912,11.0,3.0,5.2827,4.6539,8.934788095238096,7.1574967700653485,15.60611746031746,7.460847561644248,16.092284865303444,8.145269898673213
2018-09-24,29.91,32.6154,9.0451,12.5662,15.8797,2.3725,2.3431,12356156141.55,7.8441,41.2912,11.0,3.0,5.2827,4.6539,8.948963293650792,7.150609699582756,15.51212380952381,7.468366945665485,16.099572993233547,8.043756863858325
2018-09-25,29.65,32.6154,10.0013,12.4569,15.8767,2.3519,2.3445,12248747228.25,7.8441,41.2912,11.0,3.0,5.2827,4.6539,8.961484523809524,7.146907908660156,15.427763492063493,7.470119550139525,16.108392432469678,7.957643941923965
2018-09-26,29.53,32.6154,10.4484,12.4065,15.8715,2.3424,2.3431,12199173883.65,7.8441,41.2912,11.0,3.0,5.2827,4.6539,8.972795833333333,7.144736272753462,15.361680952380953,7.477099405204838,16.117532106086795,7.884581547176115
2018-09-27,29.59,32.6154,10.2244,12.4317,15.864,2.3471,2.3459,12223960555.95,7.8441,41.2437,11.0,3.0,5.2827,4.6539,8.985682936507937,7.141116425716111,15.291507936507935,7.483541769965392,16.126799362224048,7.8079661665425455
2018-09-28,29.81,32.6154,9.4109,12.5247,15.8604,2.3646,2.3471,12314845021.05,7.8442,41.2622,11.0,3.0,5.2827,4.6539,8.99772242063492,7.136697982177759,15.21055238095238,7.491605886608995,16.13442040281268,7.718946494343386
2018-10-01,29.31,32.6154,11.2774,12.3146,15.856,2.3249,2.3519,12108289418.55,7.8442,41.2622,11.0,3.0,5.2827,4.6539,9.011460317460315,7.134404006675653,15.153350793650796,7.493921035343222,16.14586432413597,7.659429758307571
2018-10-02,29.44,32.6154,10.786,12.3692,15.8535,2.3352,2.3519,12161993875.2,7.8442,41.2622,11.0,3.0,5.2827,4.6539,9.022890873015871,7.13261914488917,15.097792063492063,7.500191161292943,16.15551001790504,7.597600902199121
2018-10-03,29.29,32.6154,11.3534,12.3321,15.8535,2.3235,2.3495,12100027194.45,7.8402,41.0974,11.0,3.0,5.2827,4.6539,9.034575992063491,7.131601355945103,15.045438095238095,7.503145183517204,16.166177348008596,7.5422929117208914
2018-10-04,28.94,32.6154,12.7001,12.1848,15.851,2.2958,2.3495,11955438272.7,7.8402,41.0974,11.0,3.0,5.2827,4.6539,9.050276587301587,7.130942025470649,15.001368253968256,7.500462142301926,16.181218612772234,7.500906111666329
2018-10-05,28.71,32.6154,13.6029,12.0879,15.8476,2.2775,2.3495,11860422695.55,7.8402,41.0974,11.0,3.0,5.2827,4.6539,9.06204027777778,7.133556991950092,14.905609523809524,7.439961919659862,16.19559726972787,7.465647604149661
2018-10-08,28.85,32.6154,13.0516,12.155,15.8456,2.3262,2.3554,11918258264.25,7.0017,40.9918,11.0,3.0,5.2827,4.6539,9.07196130952381,7.135625371654763,14.785345238095235,7.34513335159665,16.207586681178572,7.440211886498587
2018-10-09,28.87,32.6154,12.9733,12.1635,15.8446,2.3278,2.3519,11926520488.35,7.0017,40.9918,11.0,3.0,5.2827,4.6539,9.087652976190476,7.13549138601341,14.67746507936508,7.270159040299675,16.223144362203886,7.407306039065404
2018-10-10,28.09,32.6154,16.1104,11.8348,15.8446,2.2649,2.3495,11604293748.45,7.0017,40.9918,11.0,3.0,5.2827,4.6539,9.107576785714286,7.141062315156118,14.608630952380953,7.21455524024001,16.248639100870406,7.394075712140943
2018-10-11,27.32,32.6154,19.3829,11.5119,15.844,2.2028,2.3495,11286198120.6,7.0017,40.9876,11.0,3.0,5.277,4.6539,9.1313873015873,7.155291123132344,14.565401587301588,7.168995353057341,16.286678424719646,7.396406234244245
2018-10-12,27.2,32.6154,19.9096,11.4613,15.8419,2.1932,2.3495,11236624776.0,7.0017,41.0349,11.0,3.0,5.277,4.6539,9.159250595238095,7.169879729592293,14.541187301587302,7.145526723213465,16.329130324830388,7.395660578373836
2018-10-15,27.36,32.6154,19.2083,11.5287,15.837,2.2061,2.3554,11302722568.8,7.0017,40.9876,11.0,3.0,5.277,4.6539,9.186838492063494,7.181756492925955,14.506031746031748,7.111227771907213,16.36859498498945,7.394803974124533
2018-10-16,27.92,32.6154,16.8173,11.7647,15.836,2.2512,2.3519,11534064843.6,7.0017,40.9876,11.0,3.0,5.277,4.6539,9.211956746031746,7.186269180653684,14.437270634920637,7.045842437262637,16.39822592668543,7.391428197657998
2018-10-17,28.05,32.6154,16.2759,11.8195,15.8347,2.2617,2.3495,11587769300.25,7.0017,40.9876,11.0,3.0,5.277,4.6539,9.236078373015872,7.189541708645008,14.365325396825396,6.979583947164054,16.42562008166088,7.385741449661342
2018-10-18,27.62,32.6154,18.0862,11.6383,15.8322,2.227,2.3495,11410131482.1,7.0017,40.9876,11.0,3.0,5.277,4.6539,9.26207242063492,7.197820751761334,14.313638095238094,6.927110968406486,16.459893172396256,7.386527126831607
2018-10-19,27.71,32.6154,17.7026,11.6762,15.8294,2.2343,2.3495,11447311490.55,7.0017,40.9876,11.0,3.0,5.277,4.6539,9.28611626984127,7.205747134586895,14.2596373015873,6.873326659529414,16.491863404428166,7.386310642057887
2018-10-22,27.4,32.6154,19.0343,11.5456,15.8246,2.2093,2.3519,11319247017.0,7.0017,40.9876,11.0,3.0,5.277,4.6539,9.310790476190476,7.217807283998007,14.21290634920635,6.8200616771844285,16.528597760188482,7.392844672021921
2018-10-23,26.96,32.6154,20.977,11.3602,15.8228,2.1738,2.3495,11137478086.8,7.0017,40.9876,11.0,3.0,5.277,4.6539,9.338011111111111,7.235896469231346,14.17864126984127,6.7746354502101065,16.573907580342457,7.4040058196311636
2018-10-24,26.16,32.6154,24.6766,11.0231,15.8211,2.1093,2.3471,10806989122.8,7.0017,40.9876,11.0,3.0,5.277,4.6539,9.373064682539685,7.267319064148866,14.182541269841272,6.78058091247376,16.64038374668855,7.401960357367511
2018-10-25,26.57,32.6154,22.7527,11.1959,15.8183,2.1424,2.3471,10976364716.85,7.0017,40.9876,11.0,3.0,5.277,4.6539,9.404464484126985,7.290880553281267,14.175515873015874,6.771157822345182,16.69534503740825,7.404358050670692
2018-10-26,26.7,32.6154,22.1551,11.2502,15.8134,2.1529,2.3471,11030069173.5,7.0014,40.9525,11.0,3.0,5.277,4.6539,9.437501984126984,7.310870059664578,14.144644444444443,6.72532151290399,16.748372043791562,7.419322931540456
2018-10-29,26.77,32.6154,21.8356,11.2797,15.8033,2.1585,2.3495,11058986957.85,7.0014,40.9525,11.0,3.0,5.277,4.6539,9.4636625,7.331609419623411,14.117563492063493,6.687015483715947,16.79527191962341,7.430548008347544
2018-10-30,27.64,32.6154,18.0007,11.6462,15.8008,2.2287,2.3471,11418393706.2,7.0014,40.9525,11.0,3.0,5.277,4.6539,9.483382936507937,7.341191426864647,14.056795238095235,6.6157178501488,16.824574363372584,7.441077387946437
2018-10-31,28.37,32.6154,14.9644,11.7977,15.7983,2.2692,2.3465,11719964885.85,7.4356,41.2609,11.0,3.0,5.277,4.6539,9.498481349206353,7.344629344880989,13.96481507936508,6.52045731464988,16.84311069408734,7.4443577647152
2018-11-01,28.69,32.5385,13.4141,11.8824,15.7976,2.3068,2.3465,11812281629.66,7.1455,41.4918,11.0,3.0,5.277,4.6539,9.50793253968254,7.346600783311712,13.871996825396826,6.443331996474353,16.854533322994254,7.428664828922472
2018-11-02,28.03,32.6154,16.3589,11.5941,15.7945,2.2537,2.3465,11540545628.42,7.1455,41.6118,11.0,3.0,5.6574,4.6539,9.523979563492064,7.352724387650756,13.81360634920635,6.386494895809414,16.876703951142822,7.427111453396935
2018-11-05,27.83,32.4615,16.6421,11.4796,15.7926,2.2355,2.3495,11458201385.62,7.1987,41.7767,11.0,3.0,5.6574,4.6539,9.541800396825398,7.359080388746365,13.76777619047619,6.344848075034493,16.900880785571765,7.422928115441698
2018-11-06,27.88,32.4615,16.4329,11.5002,15.7922,2.2395,2.3471,11478787446.32,7.1987,41.7767,11.0,3.0,5.6574,4.6539,9.5574626984127,7.365339612573604,13.72112142857143,6.3029975433992895,16.922802310986302,7.41812388517214
2018-11-07,28.16,32.4615,15.2752,11.6157,15.7919,2.262,2.3471,11594069386.24,7.1987,41.7767,11.0,3.0,5.6574,4.6539,9.57444880952381,7.368640425602765,13.667474603174604,6.260293411551106,16.943089235126575,7.407181191623498
2018-11-08,28.35,32.4615,14.5026,11.6609,15.7785,2.277,2.3471,11672296416.9,7.1889,41.8945,11.0,3.0,5.6574,4.6539,9.589545634920636,7.370931485312657,13.608790476190478,6.217041685952324,16.960477120233293,7.391748790238154
2018-11-09,28.35,32.4615,14.5026,11.6609,15.774,2.277,2.3471,11672296416.9,7.1889,41.8945,11.0,3.0,5.6574,4.6539,9.605766865079364,7.372733241090938,13.54424126984127,6.164568382961091,16.9785001061703,7.379672886880179
2018-11-12,28.01,32.4615,15.8925,11.5078,15.7676,2.2359,2.3519,11532311204.14,7.3395,41.981,11.0,3.0,5.6574,4.6539,9.62680238095238,7.37552082475102,13.478019047619048,6.093193108782508,17.0023232057034,7.38482593883654
2018-11-13,28.15,32.4615,15.3162,11.5644,15.7655,2.247,2.3495,11589952174.1,7.3395,41.9795,11.0,3.0,5.6574,4.6539,9.649552976190476,7.375350437403212,13.414735714285714,6.031568009524111,17.024903413593687,7.383167704761602
2018-11-14,27.89,32.5385,16.6673,11.4576,15.7634,2.2263,2.3471,11482904658.46,7.3395,41.9795,11.0,3.0,5.6574,4.6539,9.675668055555557,7.376853491718634,13.362920634920636,5.97464264369771,17.05252154727419,7.388277991222926
2018-11-15,28.3,32.5385,14.977,11.6303,15.7556,2.259,2.3471,11651710356.2,7.3392,41.9526,11.0,3.0,5.6574,4.6539,9.697669444444443,7.376094338194363,13.295825396825396,5.907768544510712,17.073763782638807,7.388056852314684
2018-11-16,28.26,32.5385,15.1398,11.6139,15.7526,2.2558,2.3471,11635241507.64,7.3392,41.8636,11.0,3.0,5.6574,4.6539,9.718224801587304,7.376797691507548,13.241469047619049,5.85844896825727,17.095022493094852,7.383020079361779
2018-11-19,28.25,32.5385,15.1805,11.6102,15.7472,2.255,2.3495,11631124295.5,7.3392,41.8625,11.0,3.0,5.6449,4.6539,9.73940257936508,7.37712816270661,13.18816507936508,5.809416577183219,17.11653074207169,7.37874850218186
2018-11-20,27.92,32.5385,16.5419,11.4746,15.7464,2.2287,2.3471,11495256294.88,7.3392,41.8625,11.0,3.0,5.6449,4.6539,9.763897023809523,7.379182751565701,13.134609523809525,5.7463074874417375,17.143079775375224,7.388302036367787
2018-11-21,28.0,32.5385,16.2089,11.5075,15.746,2.2351,2.3465,11528193992.0,7.3392,41.8625,11.0,3.0,5.6449,4.6539,9.78780753968254,7.38050598369854,13.076169047619048,5.676322529940903,17.16831352338108,7.399846517678146
2018-11-23,28.0,32.5385,16.2089,11.5075,15.7438,2.2351,2.3471,11528193992.0,7.3392,41.8625,11.0,3.0,5.6449,4.6539,9.811947817460318,7.381573238527168,13.023314285714283,5.615086809939335,17.193521055987485,7.40822747577495
2018-11-26,28.16,32.5385,15.5487,11.5732,15.7364,2.2479,2.3495,11594069386.24,7.3392,41.8625,11.0,3.0,5.6449,4.6539,9.835341865079366,7.381032597682029,12.95246746031746,5.525030217355658,17.216374462761394,7.427437242961803
2018-11-27,27.87,32.5385,16.751,11.4541,15.7351,2.2247,2.3471,11474670234.18,7.3392,41.8625,11.0,3.0,5.6449,4.6539,9.862474801587302,7.381270507145887,12.904654761904762,5.465086031009719,17.24374530873319,7.439568730895044
2018-11-28,28.45,32.5385,14.3708,11.6924,15.7344,2.271,2.3465,11713468538.3,7.3392,41.8625,11.0,3.0,5.6449,4.6539,9.88360734126984,7.37889588222527,12.830126190476191,5.379201771626437,17.26250322349511,7.450924418849754
2018-11-29,28.38,32.5385,14.6529,11.6637,15.7332,2.2654,2.3465,11684648053.32,7.3392,41.8625,11.0,3.0,5.6449,4.6539,9.907173214285717,7.375115383777551,12.774816666666666,5.323621495226762,17.282288598063268,7.451195171439904
2018-11-30,28.62,32.5385,13.6915,11.7618,15.7326,2.2846,2.3465,11783461144.68,7.3392,41.7683,11.0,3.0,5.6449,4.6539,9.929645238095237,7.369343263704508,12.72228253968254,5.281151202108602,17.298988501799744,7.441131337573938
2018-12-03,28.39,32.5385,14.6125,11.6678,15.7306,2.2662,2.3495,11688765265.46,7.3392,41.7656,11.0,3.0,5.6378,4.6539,9.955407341269842,7.362958132527797,12.681650793650793,5.246367974418093,17.31836547379764,7.435282819232699
2018-12-04,27.94,32.5385,16.4585,11.4828,15.7303,2.2303,2.3471,11503490719.16,7.3392,41.7656,11.0,3.0,5.6378,4.6539,9.984322619047616,7.359817325376123,12.66160873015873,5.226887416779092,17.34413994442374,7.434721313379637
2018-12-06,27.75,32.5385,17.2559,11.4047,15.7299,2.2151,2.3471,11425263688.5,7.3392,41.7656,11.0,3.0,5.6378,4.6539,10.016843055555556,7.355655102622651,12.648242063492065,5.212837657911183,17.372498158178207,7.43540440558088
2018-12-07,27.74,32.5385,17.2981,11.4011,15.7289,2.2143,2.3471,11421146476.36,7.3392,41.7686,11.0,3.0,5.6378,4.6539,10.050655753968254,7.349865657065093,12.665107936507937,5.22449652348788,17.400521411033345,7.440611413020057
2018-12-10,27.57,32.5385,18.0214,11.3312,15.7141,2.2008,2.3519,11351153869.98,7.3392,41.7686,11.0,3.0,5.6378,4.6539,10.08610873015873,7.345122106165153,12.68662619047619,5.24103503495531,17.431230836323884,7.44559115552088
2018-12-11,27.24,32.6154,19.7335,11.1956,15.7116,2.1744,2.3495,11215285869.36,7.3392,41.7686,11.0,3.0,5.6378,4.6539,10.128138293650792,7.339586789376417,12.717769047619049,5.271310967711421,17.46772508302721,7.446458079907626
2018-12-12,27.18,32.6154,19.9978,11.1709,15.7091,2.1696,2.3471,11190582596.52,7.3392,41.7686,11.0,3.0,5.6378,4.6539,10.167487103174604,7.339232708797883,12.744664285714286,5.299891277790018,17.506719811972484,7.444773007924268
2018-12-13,27.05,32.6154,20.5745,11.1175,15.7084,2.1593,2.3465,11137058838.7,7.3392,41.7686,11.0,3.0,5.6378,4.6539,10.21184642857143,7.334424263588584,12.759707936507937,5.319524351858626,17.546270692160014,7.440183584649309
2018-12-14,26.86,32.6154,21.4274,11.0394,15.7048,2.1441,2.3465,11058831808.04,7.3392,41.7686,11.0,3.0,5.6378,4.6539,10.256760714285717,7.333655368237825,12.781296825396826,5.349291477583762,17.59041608252354,7.432005347813064
2018-12-17,26.41,32.6154,23.4964,10.8545,15.6973,2.1082,2.3495,10873557261.74,7.3392,41.7686,11.0,3.0,5.6378,4.6539,10.303671825396824,7.342588380800082,12.817548412698413,5.406457026848348,17.646260206196906,7.411091385850065
2018-12-18,26.79,32.6154,21.7447,11.0106,15.6946,2.1385,2.3471,11030011323.06,7.3392,41.7686,11.0,3.0,5.6378,4.6539,10.345610317460318,7.347460263586492,12.84410634920635,5.442191807053458,17.69307058104681,7.401914542152891
2018-12-19,26.41,32.3077,22.3313,10.8603,15.691,2.1212,2.3465,10873557261.74,7.0335,41.7125,11.0,3.0,5.6378,4.6539,10.389126587301588,7.353379412927389,12.87914523809524,5.489120472638359,17.74250600022898,7.39002476545688
2018-12-20,25.9,32.3077,24.7402,10.6505,15.6864,2.0802,2.3465,10663579442.6,7.0335,41.7125,11.0,3.0,5.6378,4.6539,10.43804007936508,7.36670025011809,12.908196825396823,5.542298890329739,17.80474032948317,7.365897935067085
2018-12-21,25.55,32.3077,26.4489,10.5066,15.6848,2.0521,2.3465,10519477017.7,7.0335,41.7125,11.0,3.0,5.6378,4.6539,10.490412103174602,7.3865260177573315,12.955994444444444,5.632884892163988,17.876938120931932,7.323109552280457
2018-12-24,24.8,32.3077,30.273,10.1982,15.6803,1.9919,2.3495,10210686107.2,7.0335,41.7125,11.0,3.0,5.6378,4.6539,10.550303373015872,7.424289059109226,13.038811904761904,5.808839131387401,17.9745924321251,7.229972773374504
2018-12-26,25.92,32.3077,24.6439,10.6588,15.6762,2.0818,2.3471,10671813866.88,7.0335,41.7125,11.0,3.0,5.6378,4.6539,10.599025793650792,7.436057881254611,13.069750793650794,5.860368169099939,18.035083674905405,7.209382624550855
2018-12-27,26.54,32.3077,21.7321,10.9137,15.6754,2.1316,2.3471,10927081019.56,7.0335,41.7125,11.0,3.0,5.6378,4.6539,10.6423123015873,7.437243179337056,13.072473809523808,5.864342989166729,18.079555480924355,7.20813082035708
2018-12-28,26.39,32.3077,22.424,10.852,15.6754,2.1196,2.3471,10865322837.46,7.0335,41.7125,11.0,3.0,5.6378,4.6539,10.685736706349203,7.442021557967032,13.08532222222222,5.883163482901238,18.12775826431624,7.202158739320983
2018-12-31,26.72,32.3077,20.9121,10.9877,15.6685,2.1461,2.3519,11001190838.08,7.0335,41.7125,11.0,3.0,5.6378,4.6539,10.724561111111113,7.444233423282302,13.097621428571427,5.897992374150507,18.168794534393413,7.19962905442092
2019-01-02,26.19,32.3077,23.3589,10.7698,15.6659,2.1035,2.3495,10782978594.66,7.0335,41.7125,11.0,3.0,5.6378,4.6539,10.768450396825395,7.45339790449051,13.135386507936506,5.948527024188165,18.22184830131591,7.186859483748341
2019-01-03,25.78,32.2308,25.0225,10.6012,15.6628,2.0707,2.3495,10614172896.92,7.0314,41.5283,11.0,3.0,5.6378,4.6539,10.815867857142855,7.467924893800257,13.190103174603175,6.026023409963675,18.28379275094312,7.1640797646395
2019-01-04,26.39,32.2308,22.1326,10.8316,15.66,2.1197,2.3495,10865322837.46,7.0319,41.5708,11.0,3.0,5.6378,4.6539,10.856640277777776,7.473512018211137,13.227802380952385,6.067179081259649,18.33015229598892,7.160623299692734
2019-01-07,26.33,32.2308,22.4109,10.8016,15.6552,2.1488,2.3554,10840619564.62,6.2186,41.16,12.0,3.0,5.6378,4.6539,10.899363095238096,7.477902609148859,13.286126984126984,6.120045182714456,18.37726570438696,7.166081801412528
2019-01-08,26.43,32.2308,21.9478,10.7869,15.6528,2.157,2.3519,10881791686.02,6.2186,41.2583,12.0,3.0,5.6378,4.6539,10.935969444444446,7.486752537377137,13.360749206349206,6.1680748405284245,18.42272198182158,7.192674365820782
2019-01-09,26.77,32.2308,20.399,10.9234,15.6462,2.1847,2.3495,11021776898.78,6.2186,40.9929,12.0,3.0,5.6378,4.6539,10.971497817460316,7.4890921521260925,13.434930952380952,6.196229271748639,18.460589969586408,7.238701680632314
2019-01-10,27.12,32.1538,18.5612,11.0671,15.6368,2.1783,2.3495,11165879323.68,6.0166,40.7651,13.0,3.0,5.6378,4.6539,10.998475595238096,7.491899094722663,13.488240476190478,6.211310507661723,18.49037468996076,7.276929968528755
2019-01-11,26.68,32.1538,20.5165,10.8876,15.6323,2.143,2.3495,10984721989.52,6.0166,40.7651,13.0,3.0,5.6378,4.6539,11.031938888888888,7.496679807786402,13.558333333333334,6.24055912438624,18.52861869667529,7.317774208947093
2019-01-14,26.91,32.1538,19.4864,10.9801,15.6188,2.1615,2.3554,11079417868.74,6.0166,40.7217,13.0,3.0,5.6378,4.6539,11.063501190476192,7.498725436443928,13.631162698412698,6.255873150718276,18.56222662692012,7.375289547694422
2019-01-15,27.59,32.1538,16.5415,11.2589,15.6101,2.2161,2.3519,11359388294.26,6.0166,40.7254,13.0,3.0,5.6373,4.6539,11.09105972222222,7.493271545087225,13.68368888888889,6.252274499082386,18.584331267309445,7.431414389806504
2019-01-16,27.87,32.1538,15.3706,11.3732,15.6001,2.2386,2.3495,11474670234.18,6.0166,40.7254,13.0,3.0,5.6373,4.6539,11.116014285714286,7.486523039368805,13.721692063492062,6.247822989075223,18.60253732508309,7.473869074416839
2019-01-17,28.24,32.1538,13.8591,11.5388,15.5892,2.2694,2.3495,11627007083.36,5.9935,40.4652,13.0,3.0,5.6373,4.6539,11.135927182539683,7.480430971892154,13.765585714285717,6.229029532718128,18.61635815443184,7.536556181567587
2019-01-18,28.48,32.1538,12.8996,11.6368,15.5871,2.2887,2.3495,11725820174.72,5.9935,40.4652,13.0,3.0,5.6373,4.6539,11.15702361111111,7.470355285190648,13.803642857142858,6.20878057649881,18.62737889630176,7.594862280644048
2019-01-22,28.42,32.1538,13.1379,11.6123,15.5764,2.2839,2.3554,11701116901.88,5.9935,40.4652,13.0,3.0,5.6373,4.6539,11.177690277777776,7.461375688595647,13.844772222222224,6.186857033727428,18.639065966373423,7.657915188494796
2019-01-23,28.57,32.1538,12.5439,11.6736,15.5746,2.2959,2.3519,11762875083.98,5.9935,40.4652,13.0,3.0,5.6373,4.6539,11.196689285714289,7.452616672821154,13.880892063492064,6.165667716711373,18.649305958535443,7.71522434678069
2019-01-24,28.8,32.1538,11.6451,11.7676,15.5739,2.3144,2.3519,11857570963.2,5.9935,40.4652,13.0,3.0,5.6373,4.6539,11.214394047619049,7.44303658149836,13.912526984126984,6.143675949780095,18.657430629117407,7.7688510343468895
2019-01-25,28.83,32.1538,11.529,11.7798,15.5687,2.3168,2.3519,11869922599.62,5.9935,40.4652,13.0,3.0,5.6373,4.6539,11.232909126984127,7.432160138798356,13.953957142857142,6.109495910537047,18.665069265782485,7.844461232320095
2019-01-28,28.74,32.1538,11.8782,11.7431,15.5557,2.3096,2.3589,11832867690.36,5.9935,40.4652,13.0,3.0,5.6373,4.6539,11.253351785714283,7.419702115225673,14.012220634920634,6.0537224892103465,18.67305390093996,7.958498145710288
2019-01-29,28.79,32.1538,11.6839,11.7635,15.549,2.3136,2.3554,11853453751.06,5.9935,40.4652,13.0,3.0,5.6373,4.6539,11.27415615079365,7.406140709223166,14.072796031746032,5.99111694733999,18.680296860016817,8.08167908440604
2019-01-30,29.25,32.1538,9.9275,11.9515,15.5472,2.3506,2.3519,12042845509.5,5.9935,40.4652,13.0,3.0,5.6373,4.6539,11.291407936507936,7.392818434146385,14.124875396825397,5.925457505154362,18.68422637065432,8.199417891671036
2019-01-31,29.35,32.1538,9.553,11.9923,15.5441,2.3586,2.3586,12084017630.9,5.9935,40.4652,13.0,3.0,5.6373,4.6539,11.306621626984128,7.381303827424505,14.179888095238097,5.849493381886798,18.68792545440863,8.330394713351296
2019-02-01,29.74,32.1538,8.1163,12.1517,15.5416,2.39,2.3589,12244588904.36,5.9935,40.4652,13.0,3.0,5.6373,4.6539,11.31884742063492,7.370878526263969,14.185748412698414,5.842990559208338,18.68972594689889,8.342757853490077
2019-02-04,29.98,32.1538,7.2508,12.2497,15.5384,2.4092,2.362,12343401995.72,5.9935,40.4652,13.0,3.0,5.6373,4.6539,11.33092361111111,7.359185356377468,14.18417222222222,5.844848768543333,18.690108967488577,8.339323453678888
2019-02-05,30.28,32.1538,6.1882,12.3723,15.5364,2.4334,2.3626,12466918359.92,5.9935,40.4652,13.0,3.0,5.6373,4.6539,11.3429,7.345856218233912,14.162264285714285,5.869750264881342,18.688756218233912,8.292514020832943
2019-02-06,30.27,32.1538,6.2233,12.3682,15.5352,2.4326,2.3631,12462801147.78,5.9935,40.4652,13.0,3.0,5.6373,4.6539,11.355898015873017,7.330945446068757,14.144942857142857,5.890058397230783,18.68684346194177,8.254884459912073
2019-02-07,30.37,32.1538,5.8736,12.4091,15.5324,2.4406,2.3636,12503973269.18,5.9935,40.4652,13.0,3.0,5.6373,4.6539,11.36937361111111,7.314562654265709,14.127693650793647,5.911203739676012,18.68393626537682,8.216489911117637
2019-02-08,30.31,32.1538,6.0831,12.3846,15.5286,2.4336,2.3646,12479269996.34,5.8828,40.4652,13.0,3.0,5.6373,4.6539,11.383523214285711,7.297371058574266,14.114653968253968,5.927228605703042,18.68089427285998,8.187425362550925
2019-02-11,30.33,32.1538,6.0132,12.3927,15.5233,2.4352,2.3668,12487504420.62,5.8828,40.4652,13.0,3.0,5.6373,4.6539,11.399070436507936,7.277499285463319,14.10285634920635,5.941961474981109,18.67656972197125,8.160894874225242
2019-02-12,30.83,32.1538,4.2939,12.597,15.5207,2.4657,2.3676,12643755950.51,5.8828,40.4652,13.0,3.0,5.6373,4.6539,11.412968650793651,7.257159563917007,14.07402619047619,5.980853978985683,18.67012821471065,8.093172211490506
2019-02-13,31.96,32.7692,2.5319,11.7353,15.519,2.4183,2.3683,13107182620.12,1.1031,11.5567,1.0,3.0,11.1666,4.6539,11.423682142857142,7.240000933292326,14.027796825396823,6.047539340921244,18.663683076149468,7.980257484475581
2019-02-14,31.12,33.0,6.0411,11.3993,15.5168,2.3547,2.3683,12762688458.64,1.1031,10.936,2.0,3.0,11.1666,4.6539,11.440905555555556,7.216767143610629,14.01424761904762,6.063611877153303,18.657672699166184,7.950635741894317
2019-02-15,31.5,33.0,4.7619,11.5385,15.5161,2.3835,2.3689,12918531055.5,1.1031,10.936,2.0,3.0,11.1666,4.6539,11.447865277777776,7.208610507267776,13.990263492063493,6.094351384403169,18.65647578504555,7.895912107660323
2019-02-19,32.07,33.2308,3.6196,11.7061,15.5105,2.4154,2.3697,13152294950.79,5.1993,10.3267,3.0,3.0,11.1666,4.6539,11.451686904761903,7.203938018143359,13.962551587301588,6.133692923813335,18.655624922905265,7.828858663488253
2019-02-20,32.3,33.2308,2.8817,11.7664,15.5074,2.4328,2.3698,13246620733.1,5.1993,10.3301,3.0,3.0,11.1666,4.6539,11.455224801587304,7.199279786736539,13.933978571428572,6.17705163689745,18.65450458832384,7.756926934531122
2019-02-21,32.29,33.2308,2.9136,11.7628,15.5024,2.432,2.3707,13242519612.13,5.1993,10.3301,3.0,3.0,11.1666,4.6539,11.457531349206349,7.19635016930758,13.903168253968254,6.222456093712872,18.653881518513927,7.680712160255381
2019-02-22,32.3,33.2308,2.8817,11.7664,15.5015,2.4328,2.3718,13246620733.1,5.1993,10.3301,3.0,3.0,11.1666,4.6539,11.458998611111111,7.19452224902995,13.877345238095238,6.261578394144521,18.65352086014106,7.615766843950717
2019-02-25,32.26,33.2308,3.0093,11.7518,15.4869,2.4297,2.3722,13230216249.22,5.1993,10.3301,3.0,3.0,11.1666,4.6539,11.461816666666666,7.190925800896269,13.841426190476191,6.311036852032233,18.65274246756293,7.530389338443959
2019-02-26,32.38,33.2308,2.6275,11.7956,15.4844,2.4388,2.3724,13279429700.86,5.1993,10.3301,3.0,3.0,11.1666,4.6539,11.464533531746032,7.187320790927317,13.809453968253967,6.357761404414644,18.65185432267335,7.451692563839323
2019-02-27,32.36,33.2308,2.691,11.7883,15.482,2.4373,2.3725,13271227458.92,5.1993,10.3301,3.0,3.0,11.1666,4.6539,11.466437896825395,7.184863437759721,13.785938095238096,6.393546853581155,18.65130133458512,7.39239124165694
2019-02-28,32.67,33.2308,1.7166,11.8589,15.4782,2.432,2.3732,13398362208.99,5.1859,10.3426,3.0,3.0,11.1666,4.6539,11.464981349206347,7.186768939385785,13.76195873015873,6.433295552449267,18.651750288592133,7.328663177709463
2019-03-01,32.87,33.2308,1.0977,11.9315,15.4761,2.4469,2.3739,13480384628.39,5.1859,10.3426,3.0,3.0,11.1666,4.6539,11.463264087301589,7.189146893164073,13.726340476190476,6.491090641230403,18.65241098046566,7.235249834960073
2019-03-04,32.94,33.2308,0.8828,11.9569,15.4662,2.4521,2.374,13509092475.18,5.1859,10.3426,3.0,3.0,11.1666,4.6539,11.463593055555554,7.188657953928503,13.68847380952381,6.552187662662671,18.652251009484058,7.1362861468611385
2019-03-05,32.84,33.2308,1.19,11.9206,15.4616,2.4446,2.3742,13468081265.48,5.1859,10.3426,3.0,3.0,11.1666,4.6539,11.462123015873017,7.190686679626523,13.645646031746033,6.616304260871358,18.65280969549954,7.029341770874675
2019-03-06,32.58,33.2308,1.9975,11.8262,15.457,2.4253,2.3745,13361452120.26,5.1859,10.3426,3.0,3.0,11.1666,4.6539,11.462383531746031,7.190340701931111,13.608396825396827,6.668775748059774,18.65272423367714,6.939621077337053
2019-03-07,32.24,33.2308,3.0732,11.7028,15.4232,2.4,2.3769,13222014007.28,5.1859,10.3423,3.0,3.0,11.1666,4.6539,11.46355376984127,7.188924310325417,13.58023888888889,6.70590152085131,18.652478080166688,6.874337368037579
2019-03-08,32.11,33.3077,3.73,11.6827,15.418,2.3903,2.3773,13168699434.67,5.1859,9.9469,3.0,3.0,10.7629,4.6539,11.46583234126984,7.186285038111927,13.557293650793651,6.734787691403473,18.652117379381767,6.8225059593901785
2019-03-11,32.38,33.3077,2.865,11.781,15.4034,2.4104,2.3781,13279429700.86,5.1859,9.9469,3.0,3.0,10.7629,4.6539,11.46626468253968,7.185759966240714,13.521072222222225,6.780131727235289,18.6520246487804,6.740940494986934
2019-03-12,32.41,33.6154,3.7192,11.7067,15.4026,2.3986,2.3781,13291733063.77,5.1822,9.974,3.0,3.0,10.7629,4.6539,11.468975595238096,7.1825720259259205,13.48937777777778,6.816736004427822,18.651547621164017,6.672641773349957
2019-03-13,32.42,33.6154,3.6872,11.7103,15.388,2.3993,2.3781,13295834184.74,5.1822,9.974,3.0,3.0,10.7629,4.6539,11.47354503968254,7.176873794808929,13.451745238095237,6.857860908996151,18.65041883449147,6.593884329099086
2019-03-14,32.55,33.6154,3.2731,11.7573,15.3599,2.409,2.379,13349148757.35,5.1822,9.974,3.0,3.0,10.7629,4.6539,11.477672817460316,7.171545305745523,13.415096825396828,6.900025221089428,18.64921812320584,6.515071604307399
2019-03-15,32.87,33.6154,2.2677,11.8729,15.3456,2.4326,2.3797,13480384628.39,5.1822,9.974,3.0,3.0,10.7629,4.6539,11.479362301587305,7.169270233545218,13.363903968253968,6.958830381360398,18.64863253513252,6.40507358689357
2019-03-18,32.84,33.6154,2.3611,11.862,15.2724,2.4304,2.3805,13468081265.48,5.1822,9.974,3.0,3.0,10.7629,4.6539,11.48243630952381,7.165018039989186,13.323402380952382,7.008117987048639,18.647454349512994,6.315284393903744
2019-03-19,32.36,33.6154,3.8795,11.6886,15.2501,2.3949,2.3805,13271227458.92,5.1822,9.974,3.0,3.0,10.7629,4.6539,11.48820873015873,7.15770031788138,13.296354761904762,7.03811208287688,18.64590904804011,6.258242679027883
2019-03-20,31.98,33.6154,5.1138,11.5514,15.2268,2.3668,2.3805,13115384862.06,5.1822,9.974,3.0,3.0,10.7629,4.6539,11.496681746031747,7.1475947785332,13.272896031746033,7.060562928927446,18.644276524564948,6.212333102818587
2019-03-21,32.29,33.6154,4.1047,11.6634,15.1795,2.3897,2.3805,13242519612.13,5.1822,9.974,3.0,3.0,10.7629,4.6539,11.502269642857144,7.140695753999298,13.24313015873016,7.091423755746343,18.64296539685644,6.151706402983816
2019-03-22,32.06,33.6154,4.8515,11.5803,15.1526,2.3727,2.3805,13148193829.82,5.1822,9.974,3.0,3.0,10.7629,4.6539,11.505925396825395,7.1368094771397335,13.216736507936508,7.116574108865648,18.64273487396513,6.10016239907086
2019-03-25,31.97,33.6154,5.1467,11.5486,15.1425,2.366,2.3808,13111283741.09,5.1822,9.9743,3.0,3.0,10.7629,4.6539,11.510232341269845,7.132305145777931,13.194674603174604,7.137383800872014,18.64253748704777,6.057290802302589
2019-03-26,31.96,33.6154,5.1796,11.545,15.1399,2.3653,2.3808,13107182620.12,5.1822,9.9743,3.0,3.0,10.7629,4.6539,11.51467003968254,7.127658331729404,13.172306349206348,7.158186301791799,18.642328371411946,6.014120047414549
2019-03-27,32.07,33.6154,4.8188,11.5847,15.1355,2.3734,2.3806,13152294950.79,5.1822,9.9743,3.0,3.0,10.7629,4.6539,11.517405753968252,7.12481701402961,13.138764285714284,7.187522170344567,18.642222767997865,5.951242115369717
2019-03-28,32.0,33.6154,5.0481,11.5594,15.106,2.3682,2.3806,13123587104.0,5.1822,9.9743,3.0,3.0,10.7629,4.6539,11.520794444444444,7.121325354900338,13.099453174603171,7.218298868455797,18.64211979934478,5.881154306147376
2019-03-29,32.32,34.0769,5.436,11.675,15.0809,2.3919,2.3812,13254822975.04,5.1822,9.9743,3.0,3.0,10.7629,4.6539,11.525397222222225,7.116630491891728,13.059672222222224,7.246781825264414,18.64202771411395,5.81289039695781
2019-04-01,32.66,34.0769,4.3383,11.7979,15.0775,2.4171,2.3837,13394261088.02,5.1822,9.9743,3.0,3.0,10.7629,4.6539,11.528276984126984,7.113420885927079,13.01295714285714,7.28408097050472,18.64169787005406,5.728876172352422
2019-04-02,32.42,34.0769,5.1107,11.7112,15.077,2.3993,2.3839,13295834184.74,5.1822,9.9743,3.0,3.0,10.7629,4.6539,11.534489087301589,7.106429347879367,12.978828571428572,7.311116763240589,18.64091843518096,5.667711808187983
2019-04-03,32.48,34.0769,4.9166,11.7189,15.0762,2.3963,2.384,13320440910.56,5.184,10.5237,4.0,3.0,10.7629,4.6539,11.539227182539683,7.101207042635817,12.928346031746033,7.344841510466004,18.6404342251755,5.583504521280027
2019-04-04,32.47,34.0769,4.9489,11.7161,15.0642,2.4344,2.3844,13316339789.59,5.1945,10.5243,4.0,3.0,10.7629,4.6539,11.542798412698412,7.0974307545717865,12.882019841269845,7.37680071769894,18.6402291672702,5.505219123570903
2019-04-05,32.59,34.2308,5.0347,11.7594,15.0528,2.4434,2.3851,13365553241.23,5.1945,10.5243,4.0,3.0,10.7629,4.6539,11.54916626984127,7.090130816211142,12.831871428571429,7.408684353312507,18.63929708605241,5.42318707525892
2019-04-08,32.68,34.2308,4.7454,11.791,15.0347,2.4501,2.3867,13402463329.96,5.1939,10.5317,4.0,3.0,10.7629,4.6539,11.553041468253967,7.085867591457256,12.768738888888889,7.443626501602292,18.638909059711224,5.325112387286595
2019-04-09,32.11,34.2308,6.6048,11.5854,15.0331,2.4074,2.3871,13168699434.67,5.1939,10.5357,4.0,3.0,10.7629,4.6539,11.559763095238097,7.079548390508076,12.713198412698413,7.463434371376082,18.63931148574617,5.24976404132233
2019-04-10,32.34,34.2308,5.8466,11.6966,15.0319,2.4247,2.3875,13263025216.98,5.1939,10.5312,4.0,3.0,10.7629,4.6539,11.563670039682538,7.075842768670959,12.656015873015876,7.488380457700214,18.639512808353498,5.167635415315661
2019-04-11,32.63,34.2308,4.9059,11.7726,15.0276,2.4464,2.3883,13381957725.11,5.1939,10.5352,4.0,3.0,10.763,4.6539,11.56821130952381,7.070822146121214,12.591988888888888,7.520067728654842,18.639033455645027,5.071921160234046
2019-04-12,32.89,34.2308,4.0766,11.8943,15.0054,2.4644,2.3892,13488586870.33,5.1932,10.2049,4.0,3.0,10.3074,4.6539,11.57213869047619,7.066099294760174,12.49648253968254,7.551376381731554,18.63823798523637,4.945106157950985
2019-04-15,32.49,34.2308,5.358,11.7496,14.9779,2.4345,2.3902,13324542031.53,5.1932,10.2049,4.0,3.0,10.3074,4.6539,11.576861706349206,7.061137034848708,12.38517380952381,7.552421996177718,18.637998741197915,4.832751813346092
2019-04-16,32.91,34.2308,4.0134,11.9015,14.9763,2.4659,2.3903,13496789112.27,5.1932,10.2049,4.0,3.0,10.3074,4.6539,11.577006547619046,7.060980827816462,12.259013492063492,7.55849132492834,18.637987375435507,4.700522167135151
2019-04-17,32.62,34.2308,4.9381,11.7966,14.9616,2.4442,2.391,13377856604.14,5.1932,10.2049,4.0,3.0,10.3074,4.6539,11.582643253968254,7.0545291362069085,12.145757936507938,7.560442262506671,18.637172390175163,4.585315674001267
2019-04-18,32.53,34.2308,5.2284,11.7939,14.9438,2.4375,2.3918,13340946515.41,5.1933,10.1949,4.0,3.0,10.3074,4.6539,11.587522619047618,7.049269583696042,12.05378253968254,7.573636665423896,18.63679220274366,4.480145874258643
2019-04-22,32.19,34.2308,6.3399,11.6707,14.9162,2.4121,2.3922,13201508402.43,5.1933,10.1949,4.0,3.0,10.3074,4.6539,11.59550734126984,7.0410207185754565,11.974925396825396,7.581047524314192,18.636528059845297,4.393877872511204
2019-04-23,32.75,34.2308,4.5215,11.8737,14.8954,2.454,2.3924,13431171176.75,5.1933,10.1949,4.0,3.0,10.3074,4.6539,11.59982023809524,7.036008833270154,11.867269047619049,7.589877860692805,18.6358290713654,4.277391186926243
2019-04-24,32.76,34.2308,4.4896,11.8773,14.8745,2.4548,2.3925,13435272297.72,5.1933,10.1949,4.0,3.0,10.3074,4.6539,11.603749007936509,7.031474248259394,11.762403968253969,7.599881090379286,18.6352232561959,4.162522877874682
2019-04-25,32.85,34.2308,4.2033,11.9099,14.8669,2.4615,2.3926,13472182386.45,5.1933,10.1949,4.0,3.0,10.3074,4.6539,11.60845,7.025719217629594,11.64469761904762,7.601204089631775,18.634169217629594,4.043493529415844
2019-04-26,32.96,34.2308,3.8556,11.9498,14.8575,2.4698,2.3934,13517294717.12,5.1933,10.1949,4.0,3.0,10.3074,4.6539,11.613224007936507,7.019617269553415,11.508813492063492,7.586060689990362,18.632841277489923,3.9227528020731297
2019-04-29,33.3,34.2308,2.7952,12.0731,14.789,2.4952,2.3952,13656732830.1,5.1933,10.1949,4.0,3.0,10.3074,4.6539,11.61405277777778,7.018549264241459,11.335151587301588,7.532476932321666,18.63260204201924,3.8026746549799206
2019-04-30,33.78,34.2308,1.3345,12.2471,14.765,2.5242,2.3955,13815041359.62,5.1933,10.1949,4.0,3.0,10.3074,4.6539,11.611746626984129,7.021741189658082,11.165165873015871,7.514406390066124,18.63348781664221,3.650759482949749
2019-05-01,33.85,35.2308,4.0792,12.0768,14.7632,2.4491,2.3959,13843669331.65,6.1016,10.8058,5.0,3.0,10.7667,4.6539,11.61250357142857,7.02090687180307,11.02170634920635,7.4753606064804625,18.63341044323164,3.5463457427258867
2019-05-02,33.86,35.3077,4.2755,12.0803,14.7586,2.4498,2.3964,13847759041.94,6.1016,10.8058,5.0,3.0,10.7667,4.6539,11.61371369047619,7.019586862344726,10.882340476190477,7.435724981554198,18.63330055282092,3.446615494636278
2019-05-03,34.15,35.9231,5.1921,12.1349,14.7427,2.4535,2.3968,13966360640.35,6.1078,10.9409,5.0,3.0,10.7667,4.6539,11.61565515873016,7.017671134178907,10.78068492063492,7.425176889034457,18.633326292909068,3.355508031600463
2019-05-06,34.14,36.1538,5.8987,12.0935,14.7113,2.4713,2.3986,13962270930.06,6.8687,11.5282,5.0,3.0,10.7667,4.6539,11.619319642857144,7.014194937384681,10.70873492063492,7.42823505657511,18.633514580241823,3.280499864059811
2019-05-07,33.63,36.1538,7.5046,11.9129,14.7089,2.4344,2.3986,13753695705.27,6.8687,11.5282,5.0,3.0,10.7667,4.6539,11.627380952380951,7.0071089724141,10.661834126984129,7.429672847227303,18.63448992479505,3.2321612797568235
2019-05-08,33.54,36.1538,7.7931,11.881,14.7065,2.4278,2.3987,13716888312.66,6.8687,11.5282,5.0,3.0,10.7667,4.6539,11.636077976190476,6.999605464051272,10.593851587301588,7.416303973379065,18.63568344024175,3.1775476139225223
2019-05-09,33.42,36.1538,8.1801,11.8385,14.6983,2.4191,2.3992,13667811789.18,6.8687,11.5282,5.0,3.0,10.7667,4.6539,11.643497023809523,6.993943305976067,10.526692857142857,7.399390336444566,18.63744032978559,3.127302520698291
2019-05-10,33.96,36.1538,6.46,12.0298,14.697,2.4582,2.3993,13888656144.84,6.8687,11.5282,5.0,3.0,10.7667,4.6539,11.64554761904762,6.992268192679949,10.447542857142857,7.389039191574858,18.63781581172757,3.058503665567999
2019-05-13,33.32,36.1538,8.5048,11.803,14.6731,2.4119,2.3998,13626914686.28,6.8687,11.5282,5.0,3.0,10.7667,4.6539,11.65185238095238,6.987991037680122,10.393809523809525,7.378260880174219,18.639843418632505,3.015548643635304
2019-05-14,33.89,36.1538,6.6798,12.005,14.6723,2.4532,2.3999,13860028172.81,6.8687,11.5282,5.0,3.0,10.7667,4.6539,11.653639682539684,6.986601025633567,10.33172380952381,7.376323054437708,18.64024070817325,2.955400755086102
2019-05-15,34.04,36.1538,6.2098,12.0581,14.6618,2.464,2.4,13921373827.16,6.8687,11.5282,5.0,3.0,10.7667,4.6539,11.65422976190476,6.986127706857898,10.265907936507936,7.375806925483963,18.64035746876266,2.8901010110239715
2019-05-16,34.51,36.3077,5.2092,12.1698,14.6506,2.4748,2.4005,14113590210.79,7.5754,11.4697,6.0,3.0,10.7667,4.6539,11.653888888888888,6.986438588472113,10.18111984126984,7.37201297638602,18.640327477361,2.8091068648838204
2019-05-17,33.78,36.3077,7.4828,11.9124,14.6398,2.4224,2.4013,13815041359.62,7.5754,11.4697,6.0,3.0,10.7667,4.6539,11.657269444444443,6.984002018667947,10.11895,7.361383998132464,18.64127146311239,2.757566001867536
2019-05-20,33.86,36.3846,7.456,11.9406,14.6272,2.4282,2.4021,13847759041.94,7.5754,11.4697,6.0,3.0,10.7667,4.6539,11.658663293650791,6.98309143346503,10.045844444444445,7.341544150256784,18.641754727115824,2.704300294187661
2019-05-21,34.4,36.3846,5.7692,12.131,14.6248,2.4669,2.4022,14068603397.6,7.5754,11.4697,6.0,3.0,10.7667,4.6539,11.65851150793651,6.983218866508536,9.972766666666669,7.337893060436403,18.641730374445046,2.634873606230264
2019-05-22,34.86,36.3846,4.3735,12.2933,14.6228,2.4999,2.4023,14256730070.94,7.5754,11.4697,6.0,3.0,10.7667,4.6539,11.654526785714287,6.986807877543946,9.88731984126984,7.33992802601251,18.641334663258235,2.5473918152573294
2019-05-23,34.44,36.3846,5.6463,12.1451,14.6156,2.4698,2.4024,14084962238.76,7.5754,11.4697,6.0,3.0,10.7667,4.6539,11.652464484126984,6.98843065767454,9.811651587301588,7.334065712939733,18.64089514180152,2.477585874361856
2019-05-24,34.4,36.3846,5.7692,12.131,14.5978,2.4669,2.4051,14068603397.6,7.5754,11.4697,6.0,3.0,10.7667,4.6539,11.651315873015871,6.989351723680939,9.726153968253968,7.317753270589606,18.64066759669681,2.408400697664362
2019-05-28,33.97,36.3846,7.108,11.9794,14.5797,2.4361,2.4075,13892745855.13,7.5754,11.4697,6.0,3.0,10.7667,4.6539,11.653422817460315,6.987818555670502,9.653924603174602,7.298142502315954,18.641241373130818,2.355782100858648
2019-05-29,34.23,36.5385,6.7441,12.0711,14.5797,2.4547,2.4076,13999078322.67,7.5754,11.4697,6.0,3.0,10.7667,4.6539,11.654741468253969,6.986827262922331,9.578807142857144,7.2788179826362835,18.6415687311763,2.2999891602208606
2019-05-30,34.27,36.5385,6.6195,12.0852,14.5797,2.4576,2.4077,14015437163.83,7.5754,11.4697,6.0,3.0,10.7667,4.6539,11.65693630952381,6.985067684752044,9.507940476190477,7.263681710231343,18.642003994275854,2.2442587659591338
2019-05-31,34.43,36.5385,6.124,12.1416,14.5553,2.4691,2.4081,14080872528.47,7.5754,11.4697,6.0,3.0,10.7667,4.6539,11.656891468253969,6.98510320162858,9.423599206349207,7.240567295813231,18.64199466988255,2.183031910535976
2019-06-03,34.96,36.5385,4.5152,12.3285,14.5239,2.5071,2.4091,14297627173.84,7.5754,11.4697,6.0,3.0,10.7667,4.6539,11.658591865079366,6.983256260441752,9.345380158730157,7.239930130646561,18.64184812552112,2.105450028083596
2019-06-04,34.88,36.5385,4.7549,12.3003,14.514,2.5013,2.4092,14264909491.52,7.5754,11.4697,6.0,3.0,10.7667,4.6539,11.662777976190474,6.978473104739265,9.266824603174603,7.235578061448209,18.64125108092974,2.0312465417263965
2019-06-05,35.4,36.5385,3.2161,12.4837,14.5042,2.5386,2.4098,14477574426.6,7.5754,11.4697,6.0,3.0,10.7667,4.6539,11.665086111111112,6.975480017897311,9.183686507936509,7.244507627971503,18.640566129008423,1.939178879965004
2019-06-06,35.58,36.5385,2.6939,12.5472,14.4876,2.5515,2.4104,14551189211.82,7.5754,11.4697,6.0,3.0,10.7667,4.6539,11.665431547619049,6.975030525244164,9.089094444444443,7.250864364742295,18.64046207286321,1.838230079702148
2019-06-07,35.64,36.5385,2.521,12.5683,14.4481,2.5558,2.4104,14575727473.56,7.5754,11.4697,6.0,3.0,10.7667,4.6539,11.66306011904762,6.977941113505836,8.978479365079366,7.243849409371483,18.641001232553457,1.7346299557078826
2019-06-10,35.42,36.5385,3.1578,12.4907,14.4085,2.5401,2.4111,14485753847.18,7.5754,11.4697,6.0,3.0,10.7667,4.6539,11.656709325396823,6.984232156336894,8.866589682539683,7.223825284253039,18.64094148173372,1.6427643982866431
2019-06-11,35.0,36.5385,4.3957,12.3426,14.3814,2.5099,2.4113,14313986015.0,7.5754,11.4697,6.0,3.0,10.7667,4.6539,11.652213492063494,6.988182136531367,8.764189682539683,7.194739050020752,18.64039562859486,1.5694506325189312
2019-06-12,35.04,36.5385,4.2765,12.3567,14.3766,2.5128,2.4115,14330344856.16,7.5754,11.4697,6.0,3.0,10.7667,4.6539,11.642965277777778,6.994862893715151,8.655103174603175,7.157361403432879,18.637828171492927,1.497741771170296
2019-06-13,35.04,36.5385,4.2765,12.3567,14.3668,2.5128,2.4118,14330344856.16,7.5754,11.4697,6.0,3.0,10.7667,4.6539,11.635243650793653,7.000851771287388,8.532428571428571,7.09818167736907,18.63609542208104,1.434246894059502
2019-06-14,35.56,36.5385,2.7517,12.5401,14.3566,2.5501,2.412,14543009791.24,7.5754,11.4697,6.0,3.0,10.7667,4.6539,11.625525198412696,7.009789309898308,8.395554761904762,7.041377383456876,18.635314508311005,1.3541773784478863
2019-06-17,35.52,36.5385,2.8674,12.526,14.3415,2.5472,2.4142,14526650950.08,7.5754,11.4697,6.0,3.0,10.7667,4.6539,11.616851984126985,7.017927502085532,8.255022222222223,6.972729621178717,18.63477948621252,1.2822926010435065
2019-06-18,35.78,36.5385,2.1199,12.6181,14.3388,2.5659,2.4154,14632983417.62,7.5754,11.4697,6.0,3.0,10.7667,4.6539,11.606830952380951,7.027888010020193,8.101788095238096,6.892627607356865,18.634718962401145,1.2091604878812303
2019-06-19,36.1,36.5385,1.2147,12.731,14.335,2.5888,2.4155,14763854146.9,7.5754,11.4697,6.0,3.0,10.7667,4.6539,11.595284126984126,7.040185661812401,7.924949206349206,6.779402364441888,18.635469788796527,1.1455468419073176
2019-06-20,36.42,36.6923,0.7477,12.8438,14.3293,2.599,2.4157,14894724876.18,7.582,11.4697,6.0,3.0,10.7667,4.6539,11.583416071428571,7.05343423210844,7.758306349206349,6.69451443883724,18.63685030353701,1.0637919103691091
2019-06-21,36.44,36.6923,0.6924,12.8509,14.3233,2.6004,2.4165,14902904296.76,7.582,11.4697,6.0,3.0,10.7667,4.6539,11.571035119047618,7.067077796996689,7.586569047619047,6.594485046624583,18.638112916044307,0.9920840009944644
2019-06-24,36.18,36.6923,1.416,12.7592,14.2868,2.5819,2.4187,14796571829.22,7.582,11.4697,6.0,3.0,10.7667,4.6539,11.55961746031746,7.0788402227327065,7.401456349206349,6.434541407553481,18.638457683050166,0.9669149416528676
2019-06-25,35.91,37.3077,3.8922,12.5898,14.2711,2.5626,2.4191,14686149651.39,7.582,12.0683,6.0,3.0,11.9506,4.6539,11.550164285714285,7.0859023548268745,7.22243492063492,6.210241237521436,18.63606664054116,1.012193683113484
2019-06-26,35.27,37.3077,5.7774,12.3659,14.2584,2.5169,2.4206,14424408192.83,7.582,12.0671,6.0,3.0,11.9506,4.6539,11.544242857142857,7.089483193009516,7.028025396825397,5.856199741155594,18.63372605015237,1.171825655669803
2019-06-27,36.19,37.3077,3.0884,12.6871,14.2372,2.5826,2.4222,14800661539.51,7.582,12.0666,6.0,3.0,11.9506,4.6539,11.532916468253967,7.0984355536757615,6.856949999999999,5.648644736964879,18.63135202192973,1.208305263035121
2019-06-28,37.08,37.5385,1.2365,12.9991,14.2181,2.6461,2.4226,15164645755.32,7.582,12.0609,6.0,3.0,11.9506,4.6539,11.51805496031746,7.112150027702978,6.694286507936508,5.510269616174652,18.63020498802044,1.184016891761856
2019-07-01,37.84,37.5385,-0.7968,13.2656,14.1955,2.7003,2.4238,15475463737.36,7.582,12.0609,6.0,3.0,11.9506,4.6539,11.502314484126982,7.1306215202726815,6.509994444444445,5.3664118267209,18.632936004399664,1.1435826177235446
2019-07-02,37.62,37.5385,-0.2166,13.1884,14.1901,2.6846,2.4247,15385490110.98,7.582,12.0609,6.0,3.0,11.9506,4.6539,11.487318849206348,7.147317153162725,6.34230634920635,5.24143521083686,18.634636002369074,1.1008711383694898
2019-07-03,37.94,37.5385,-1.0582,13.3006,14.1864,2.7075,2.4249,15516360840.26,7.582,12.0609,6.0,3.0,11.9506,4.6539,11.46866746031746,7.167777186126296,6.148519841269841,5.05533517296769,18.63644464644376,1.0931846683021504
2019-07-05,37.98,37.5385,-1.1625,13.3146,14.152,2.7103,2.4253,15532719681.42,7.582,12.0609,6.0,3.0,11.9506,4.6539,11.452942261904765,7.186789908143725,5.940702380952381,4.805275349254754,18.63973217004849,1.1354270316976267
2019-07-08,37.96,37.7692,-0.5026,13.2922,14.1069,2.7089,2.4266,15524540260.84,7.582,12.1632,6.0,3.0,11.9506,4.6539,11.439727777777778,7.202651614627192,5.761057936507937,4.614417585704358,18.64237939240497,1.1466403508035787
2019-07-09,38.42,37.7692,-1.6939,13.4529,14.0981,2.7417,2.4266,15712666934.18,7.5823,12.1664,6.0,3.0,11.9506,4.6539,11.42134246031746,7.224336841847525,5.56975,4.413936043447068,18.645679302164982,1.1558139565529322
2019-07-10,38.47,38.0769,-1.0218,13.4496,14.0893,2.6904,2.4267,15733115485.63,8.4082,11.9943,7.0,3.0,11.9506,4.6539,11.406576984126984,7.2421621466435,5.387451587301587,4.201308950729359,18.648739130770483,1.186142636572228
2019-07-11,38.36,38.0769,-0.738,13.3957,14.0804,2.6827,2.4267,15688128672.44,8.4082,12.0003,7.0,3.0,11.9506,4.6539,11.392905555555556,7.258585536805212,5.219697619047619,4.0149753356248,18.651491092360768,1.2047222834228195
2019-07-12,38.29,38.2308,-0.1546,13.3713,14.0551,2.6778,2.4275,15659500700.41,8.4082,12.0003,7.0,3.0,11.9506,4.6539,11.380599603174604,7.272909161487716,5.071159523809524,3.8606846522799256,18.65350876466232,1.210474871529598
2019-07-15,38.42,38.2308,-0.4925,13.4167,14.0119,2.6869,2.4282,15712666934.18,8.4082,12.0003,7.0,3.0,11.9506,4.6539,11.368476388888888,7.287612206932112,4.904421428571428,3.6353855501416015,18.656088595821,1.269035878429826
2019-07-16,38.52,38.2308,-0.7508,13.4516,14.0065,2.6939,2.429,15753564037.08,8.4082,12.0003,7.0,3.0,11.9506,4.6539,11.356101785714284,7.302899811877641,4.7438087301587295,3.42706940848364,18.659001597591924,1.3167393216750891
2019-07-17,38.12,38.2308,0.2907,13.3399,14.0011,2.6686,2.4297,15589975625.48,8.4098,11.998,7.0,3.0,11.9506,4.6539,11.344950793650794,7.315510769609824,4.614834126984127,3.2822544799614906,18.66046156326062,1.3325796470226368
2019-07-18,38.24,38.2308,-0.0241,13.3819,13.9783,2.677,2.4298,15639052148.96,8.4098,11.998,7.0,3.0,11.9506,4.6539,11.334024206349207,7.328385199812304,4.492653968253968,3.163038529431057,18.662409406161512,1.329615438822911
2019-07-19,37.58,38.4615,2.3457,13.1174,13.9735,2.5978,2.4304,15369131269.82,8.1449,12.1925,7.0,3.0,11.9506,4.6539,11.328318650793651,7.334270800931787,4.401277777777777,3.0547387996723203,18.66258945172544,1.3465389781054564
2019-07-22,37.42,38.4615,2.7833,13.0615,13.9384,2.5867,2.4323,15303695905.18,8.1449,12.1925,7.0,3.0,11.9506,4.6539,11.324895436507935,7.3378619361578306,4.3209896825396825,2.961098167662459,18.66275737266577,1.3598915148772237
2019-07-23,37.56,38.4615,2.4002,13.1104,13.9082,2.5964,2.4326,15360951849.24,8.1449,12.1925,7.0,3.0,11.9506,4.6539,11.32185496031746,7.341247753927635,4.235769841269841,2.85804024490287,18.66310271424509,1.377729596366971
2019-07-24,37.79,38.4615,1.7769,13.1907,13.8708,2.6123,2.4326,15455015185.91,8.1449,12.1925,7.0,3.0,11.9506,4.6539,11.318645436507936,7.345073011508618,4.150317460317461,2.7671649080772163,18.66371844801656,1.3831525522402446
2019-07-25,38.01,38.4615,1.1878,13.2675,13.824,2.6275,2.4327,15544988812.29,8.1449,12.1925,7.0,3.0,11.9506,4.6539,11.314267063492062,7.350461684886213,4.067323015873016,2.6964970612161494,18.66472874837828,1.3708259546568664
2019-07-26,38.2,38.4615,0.6846,13.3338,13.6338,2.6407,2.4328,15622693307.8,8.1449,12.1925,7.0,3.0,11.9506,4.6539,11.310194246031749,7.355790303707249,3.981256349206349,2.6286420834645163,18.665984549739,1.352614265741833
2019-07-29,38.2,38.4615,0.6846,13.3338,13.4506,2.6531,2.4328,15696360250.6,8.1449,12.1925,7.0,3.0,11.9506,4.6539,11.30593611111111,7.361327774424267,3.892418253968254,2.5475191168321865,18.667263885535377,1.3448991371360677
2019-07-30,39.55,40.1538,1.5267,13.5343,13.4516,2.7313,2.4328,16251074552.65,7.1278,12.7701,8.0,3.0,11.9533,4.6539,11.293315674603177,7.372644016449744,3.811805555555555,2.4581331812353486,18.66595969105292,1.3536723743202068
2019-07-31,38.69,40.3077,4.1812,13.24,13.4506,2.6719,2.4329,15897700997.27,7.1278,12.7701,8.0,3.0,11.9533,4.6539,11.288841269841267,7.376280969577413,3.7662,2.396288818319137,18.66512223941868,1.3699111816808625
2019-08-01,38.55,40.3846,4.759,13.1768,13.4332,2.6622,2.433,15840175069.65,7.1278,12.8646,8.0,3.0,11.9533,4.6539,11.288444444444444,7.376627547749663,3.728152380952381,2.341095828733976,18.665071992194108,1.387056552218406
2019-08-02,38.72,40.3846,4.2991,13.1696,13.4062,2.6671,2.433,15910027981.76,7.2884,13.1183,9.0,3.0,11.9533,4.6539,11.287839285714286,7.37718949290841,3.697857142857143,2.308325295254096,18.6650287786227,1.3895318476030472
2019-08-05,37.76,40.3846,6.9507,12.8431,13.3766,2.601,2.433,15515564478.08,7.2884,13.1183,9.0,3.0,11.9533,4.6539,11.293131349206348,7.373110442972044,3.6954753968253966,2.304782119913112,18.6662417921784,1.3906932769122848
2019-08-06,38.87,40.3846,3.8966,13.2206,13.3713,2.6775,2.4332,15971662904.21,7.2884,13.1183,9.0,3.0,11.9533,4.6539,11.29198253968254,7.374219822882632,3.677288095238095,2.293970661839092,18.666202362565173,1.3833174333990033
2019-08-07,39.26,40.3846,2.8645,13.3533,13.3623,2.7043,2.4334,16131913702.58,7.2884,13.1183,9.0,3.0,11.9533,4.6539,11.28948373015873,7.376866513779417,3.650630952380952,2.283640228283699,18.666350243938147,1.3669907240972532
2019-08-08,39.46,40.3846,2.3431,13.4213,13.3623,2.7181,2.4334,16214093599.18,7.2884,13.1183,9.0,3.0,11.9533,4.6539,11.284293452380954,7.382247719483915,3.622611111111111,2.277798425295113,18.666541171864868,1.3448126858159974
2019-08-09,39.39,40.7692,3.5014,13.3584,13.3558,2.7118,2.4336,16185330635.37,7.6372,12.8768,10.0,3.0,11.9533,4.6539,11.281401388888888,7.385015633043434,3.602121428571428,2.2670747612415627,18.66641702193232,1.335046667329865
2019-08-12,39.0,40.7692,4.5364,13.2262,13.3368,2.6849,2.4344,16025079837.0,7.6372,12.8768,10.0,3.0,11.9533,4.6539,11.279853968253969,7.38634960433629,3.5904007936507933,2.2583104554867366,18.666203572590256,1.3320903381640568
2019-08-13,39.46,40.7692,3.3178,13.3822,13.3399,2.7166,2.4344,16214093599.18,7.6372,12.8768,10.0,3.0,11.9533,4.6539,11.275044444444443,7.3907506705478365,3.582653968253968,2.2575519529847976,18.66579511499228,1.3251020152691706
2019-08-14,38.33,40.7692,6.3637,12.9989,13.3368,2.6388,2.4344,15749777183.39,7.6372,12.8768,10.0,3.0,11.9533,4.6539,11.27542738095238,7.390490669052212,3.613065079365079,2.269063606665123,18.665918050004592,1.344001472699956
2019-08-15,38.91,41.0,5.3714,13.1956,13.3338,2.6787,2.4345,15988098883.53,7.6372,12.8768,10.0,3.0,11.9533,4.6539,11.274952976190477,7.390862695405501,3.60775,2.264109599812108,18.665815671595976,1.3436404001878923
2019-08-16,39.75,41.0,3.1447,13.4791,13.3338,2.7366,2.4347,16333254449.25,7.6372,12.8844,10.0,3.0,11.9533,4.6539,11.270644246031749,7.394975237329867,3.59491507936508,2.2620974893961,18.665619483361613,1.3328175899689794
2019-08-19,40.07,41.0,2.3209,13.5877,13.3242,2.7586,2.4347,16464742283.81,7.6372,12.8844,10.0,3.0,11.9533,4.6539,11.264117261904762,7.401429872959229,3.5846079365079366,2.264941059952301,18.665547134863992,1.3196668765556354
2019-08-20,39.77,41.0,3.0928,13.4859,13.3338,2.7379,2.4349,16341472438.91,7.6372,12.8844,10.0,3.0,11.9533,4.6539,11.25853492063492,7.406538147707721,3.5862833333333337,2.264494985527976,18.665073068342643,1.321788347805358
2019-08-21,39.83,41.0,2.9375,13.5063,13.3338,2.7421,2.4352,16366126407.89,7.6372,12.8844,10.0,3.0,11.9533,4.6539,11.252185515873016,7.412306329653439,3.586473015873016,2.2644391885823247,18.664491845526456,1.3220338272906913
2019-08-22,39.57,41.0,3.6138,13.4181,13.3338,2.7242,2.4361,16259292542.31,7.6372,12.8844,10.0,3.0,11.9533,4.6539,11.247702182539683,7.416248467093108,3.592283333333333,2.263555420792993,18.663950649632792,1.32872791254034
2019-08-23,38.61,41.0,6.1901,13.0926,13.3242,2.6581,2.4373,15864829038.63,7.6372,12.8844,10.0,3.0,11.9533,4.6539,11.249629761904762,7.414804421834901,3.617527777777778,2.2747111943505187,18.664434183739665,1.3428165834272594
2019-08-26,39.02,41.0,5.0743,13.2316,13.2964,2.6863,2.4378,16033297826.66,7.6372,12.8844,10.0,3.0,11.9533,4.6539,11.24927876984127,7.415093113266671,3.636946825396825,2.2766350484764093,18.66437188310794,1.3603117769204158
2019-08-27,39.11,41.0,4.8325,13.2621,13.2922,2.6925,2.4383,16070278780.13,7.6372,12.8844,10.0,3.0,11.9533,4.6539,11.247800198412698,7.416300474075264,3.653942857142857,2.27751009304238,18.66410067248796,1.376432764100477
2019-08-28,39.32,41.4615,5.4463,13.3333,13.2964,2.707,2.4388,16156567671.56,7.6372,12.8844,10.0,3.0,11.9533,4.6539,11.2490876984127,7.415234681287953,3.6835436507936494,2.276366179137421,18.664322379700653,1.40717747165623
2019-08-29,39.5,41.4615,4.9658,13.3944,13.2964,2.7194,2.4388,16230529578.5,7.6372,12.8844,10.0,3.0,11.9533,4.6539,11.247156150793652,7.416747180233964,3.714242857142857,2.267278931316106,18.66390333102761,1.446963925826751
2019-08-30,39.5,41.4615,4.9658,13.3944,13.2964,2.7194,2.4404,16230529578.5,7.6372,12.8844,10.0,3.0,11.9533,4.6539,11.24529007936508,7.418211795421458,3.7466476190476192,2.2556351425431407,18.663501874786537,1.4910124765044783
2019-09-03,40.12,41.4615,3.3437,13.6046,13.2798,2.762,2.4429,16485287257.96,7.6372,12.8844,10.0,3.0,11.9533,4.6539,11.23928373015873,7.423390037624896,3.763740476190476,2.244237677045348,18.662673767783627,1.5195027991451284
2019-09-04,40.82,41.4615,1.5715,13.842,13.2922,2.8102,2.4432,16772916896.06,7.6372,12.8844,10.0,3.0,11.9533,4.6539,11.23125714285714,7.4316638078074115,3.760359523809524,2.247238690453219,18.66292095066456,1.5131208333563049
2019-09-05,41.13,41.4615,0.806,13.9471,13.2922,2.8316,2.4438,16900295735.79,7.6372,12.8844,10.0,3.0,11.9533,4.6539,11.222355357142858,7.44147203863857,3.742365873015873,2.261814268702751,18.66382739578143,1.480551604313122
2019-09-06,41.31,41.4615,0.3667,14.0081,13.2922,2.844,2.4444,16974257642.73,7.6372,12.8844,10.0,3.0,11.9533,4.6539,11.207047817460316,7.455866571995401,3.715673015873016,2.28171981513668,18.66291438945572,1.4339532007363367
2019-09-09,41.34,41.4615,0.2939,14.0183,13.2798,2.846,2.4464,16986584627.22,7.6372,12.8844,10.0,3.0,11.9533,4.6539,11.190713095238095,7.470754181541557,3.695267460317461,2.300805225336128,18.661467276779653,1.3944622349813325
2019-09-10,40.61,41.6154,2.4757,13.7862,13.2922,2.7928,2.4465,16686628004.63,7.6381,12.9116,10.0,3.0,11.9533,4.6539,11.171155555555556,7.480654316052233,3.685398412698413,2.3033672490158392,18.65180987160779,1.3820311636825735
2019-09-11,40.57,41.6154,2.5768,13.7726,13.2964,2.7901,2.4467,16670192025.31,7.6381,12.9116,10.0,3.0,11.9533,4.6539,11.157834325396824,7.489981706804257,3.6765857142857135,2.305483527686897,18.64781603220108,1.3711021865988169
2019-09-12,40.44,41.6154,2.9065,13.7285,13.2964,2.7811,2.447,16616775092.52,7.6381,12.9116,10.0,3.0,11.9533,4.6539,11.150940873015871,7.495983413974459,3.6736761904761903,2.3062280055688134,18.64692428699033,1.367448184907377
2019-09-13,40.48,41.6154,2.8048,13.7421,13.2964,2.7839,2.4479,16633211071.84,7.6381,12.9116,10.0,3.0,11.9533,4.6539,11.145531150793651,7.501029210712469,3.677938888888889,2.304103884810077,18.64656036150612,1.3738350040788117
2019-09-16,40.56,41.6154,2.6021,13.7692,13.2798,2.7894,2.4489,16666083030.48,7.6381,12.9116,10.0,3.0,11.9533,4.6539,11.14036031746032,7.506026838463471,3.679851587301587,2.3031018087698154,18.64638715592379,1.3767497785317715
2019-09-17,40.96,41.6154,1.6001,13.905,13.2922,2.8169,2.4489,16830442823.68,7.6381,12.9116,10.0,3.0,11.9533,4.6539,11.12995595238095,7.515622325133141,3.6617611111111112,2.310461450774908,18.64557827751409,1.3512996603362035
2019-09-18,40.91,41.6154,1.7243,13.888,13.2964,2.8134,2.449,16809897849.53,7.6381,12.9116,10.0,3.0,11.9533,4.6539,11.119666071428572,7.524955374058364,3.634860317460317,2.313150531758372,18.644621445486937,1.3217097857019455
2019-09-19,41.14,41.6154,1.1556,13.9661,13.2964,2.8293,2.4494,16904404730.62,7.6381,12.9116,10.0,3.0,11.9533,4.6539,11.109915873015872,7.534689041490296,3.6114547619047617,2.323256559043466,18.644604914506168,1.2881982028612955
2019-09-20,41.0,41.6154,1.501,13.9186,13.2964,2.8196,2.45,16846878803.0,7.6381,12.9116,10.0,3.0,11.9533,4.6539,11.099802976190476,7.544171518954634,3.584863492063492,2.328119142917272,18.64397449514511,1.2567443491462202
2019-09-23,41.11,41.6154,1.2294,13.9559,13.2798,2.8272,2.451,16892077746.13,7.6381,12.9116,10.0,3.0,11.9533,4.6539,11.089676587301588,7.554001380783684,3.55377380952381,2.3332456884327293,18.64367796808527,1.2205281210910806
2019-09-24,41.34,41.6154,0.6662,14.034,13.2922,2.843,2.4516,16986584627.22,7.6381,12.9116,10.0,3.0,11.9533,4.6539,11.081594047619047,7.562983024021284,3.5179531746031745,2.342712153336639,18.64457707164033,1.1752410212665354
2019-09-25,41.97,41.6154,-0.8449,14.2479,13.2922,2.8863,2.4519,17245451301.51,7.6381,12.9116,10.0,3.0,11.9533,4.6539,11.070513293650794,7.576372353469108,3.473003174603175,2.371708635088045,18.646885647119905,1.1012945395151297
2019-09-26,42.36,41.6154,-1.7578,14.3803,13.2922,2.9132,2.4527,17405702099.88,7.6381,12.9116,10.0,3.0,11.9533,4.6539,11.057494047619048,7.592782361264593,3.418988095238095,2.412696386754559,18.65027640888364,1.006291708483536
2019-09-27,42.05,41.6154,-1.0335,14.275,13.2922,2.8918,2.4534,17278323260.15,7.6381,12.9116,10.0,3.0,11.9533,4.6539,11.046102777777778,7.606621824572291,3.367642857142857,2.438133904491289,18.65272460235007,0.929508952651568
2019-09-30,41.98,41.6154,-0.8685,14.2513,13.2675,2.887,2.4538,17249560296.34,7.6381,12.9116,10.0,3.0,11.9533,4.6539,11.036301388888887,7.618799697317852,3.326319047619048,2.4655217431358536,18.65510108620674,0.860797304483194
2019-10-01,41.43,41.6154,0.4475,14.0646,13.2798,2.8492,2.4543,17023565580.69,7.6381,12.9116,10.0,3.0,11.9533,4.6539,11.029611904761904,7.626625363686655,3.289309523809524,2.4735087372374385,18.65623726844856,0.8158007865720851
2019-10-02,40.85,41.6154,1.8737,13.8677,13.2922,2.8093,2.4547,16785243880.55,7.6381,12.9116,10.0,3.0,11.9533,4.6539,11.024748214285715,7.631689509886037,3.265159523809524,2.4723479919198166,18.656437724171752,0.7928115318897073
2019-10-03,41.12,41.6154,1.2048,13.9589,13.2922,2.8279,2.4548,16896186740.96,7.6381,12.9127,10.0,3.0,11.9533,4.6539,11.0216625,7.635351359539415,3.235444444444445,2.474448491751297,18.65701385953942,0.7609959526931473
2019-10-04,41.86,41.8462,-0.033,14.2101,13.2922,2.8781,2.4548,17200252358.38,7.6482,13.0045,10.0,3.0,11.9533,4.6539,11.016304166666666,7.642170293131838,3.195224603174603,2.486127114584294,18.658474459798505,0.7090974885903094
2019-10-07,41.63,41.8462,0.5193,14.1162,13.2675,2.8623,2.4576,17105745477.29,7.6482,12.9796,10.0,3.0,11.9533,4.6539,11.01124484126984,7.648283559313866,3.1616841269841265,2.493542519466516,18.659528400583707,0.6681416075176103
2019-10-08,40.77,42.0,3.0169,13.8246,13.2675,2.7587,2.4579,16752371921.91,8.4057,12.9596,10.0,3.0,11.9533,4.6539,11.012364484126984,7.647069364476658,3.13320873015873,2.474320974652352,18.659433848603644,0.6588877555063779
2019-10-09,41.16,42.0,2.0408,13.9568,13.2798,2.785,2.4582,16912622720.28,8.4057,12.9596,10.0,3.0,11.9533,4.6539,11.01081507936508,7.648811120969378,3.1030039682539683,2.464141143795445,18.659626200334458,0.6388628244585237
2019-10-10,41.16,42.0,2.0408,13.9568,13.2798,2.785,2.4604,16912622720.28,8.4057,12.9419,10.0,3.0,11.9533,4.6539,11.008404563492062,7.651450979084077,3.080265079365079,2.460587963957434,18.65985554257614,0.619677115407645
2019-10-11,41.49,42.0,1.2292,14.0706,13.2798,2.8074,2.4615,17048219549.67,8.4057,12.9402,10.0,3.0,11.9368,4.6539,11.00363988095238,7.656800216807007,3.057666666666667,2.4644367356135155,18.660440097759388,0.5932299310531515
2019-10-14,41.59,42.0,0.9858,14.106,13.2675,2.8141,2.4642,17089309497.97,8.4057,12.9349,10.0,3.0,11.9368,4.6539,10.99854503968254,7.662619431784191,3.0229666666666666,2.462568473249303,18.66116447146673,0.5603981934173636
2019-10-15,41.9,42.0,0.2387,14.2111,13.2798,2.8351,2.4644,17216688337.7,8.4052,12.8991,10.0,3.0,11.9368,4.6539,10.991234325396825,7.671136126452753,2.99300873015873,2.4733597168880594,18.662370451849576,0.5196490132706706
2019-10-16,41.96,42.0,0.0953,14.2964,13.2922,2.8377,2.465,17241342306.68,8.4092,12.8838,10.0,3.0,11.9368,4.6539,10.983198809523811,7.680437101789903,2.9545738095238097,2.4805092047299446,18.663635911313715,0.474064604793865
2019-10-17,42.0,42.0,0.0,14.3101,13.2922,2.8404,2.4658,17257778286.0,8.4092,12.8838,10.0,3.0,11.9368,4.6539,10.97482777777778,7.690117245261391,2.913078571428572,2.485893008948406,18.66494502303917,0.4271855624801657
2019-10-18,42.31,42.0,-0.7327,14.4157,13.2922,2.8666,2.4658,17385157125.73,8.3809,12.8838,10.0,3.0,11.9368,4.6539,10.966435515873016,7.700594866685509,2.8569468253968253,2.4877453332588657,18.66703038255853,0.3692014921379596
2019-10-21,42.59,42.0769,-1.2047,14.5111,13.2798,2.8855,2.4669,17500208980.97,8.3809,12.8751,10.0,3.0,11.9368,4.6539,10.958519642857144,7.711065294183658,2.8115007936507936,2.5093036643500906,18.669584937040803,0.3021971293007031
2019-10-22,41.36,42.0769,1.7333,14.092,13.2922,2.8022,2.4669,16994802616.88,8.3809,12.8751,10.0,3.0,11.9368,4.6539,10.958187103174602,7.711460284339813,2.789625396825397,2.5065702700525416,18.669647387514416,0.2830551267728549
2019-10-23,41.39,42.0769,1.6596,14.1022,13.2964,2.8042,2.4669,17007129601.37,8.3809,12.8751,10.0,3.0,11.9368,4.6539,10.959667658730158,7.70959931800223,2.7694373015873013,2.5053366143412528,18.669266976732388,0.2641006872460485
2019-10-24,41.39,42.0769,1.6596,14.1022,13.2964,2.8042,2.4669,17007129601.37,8.3809,12.8751,10.0,3.0,11.9368,4.6539,10.96161765873016,7.707117177795578,2.7520087301587304,2.505358513555417,18.668734836525736,0.2466502166033133
2019-10-25,40.8,42.0769,3.1297,13.9012,13.2964,2.7643,2.4688,16764698906.4,8.3809,12.8751,10.0,3.0,11.9368,4.6539,10.96560277777778,7.702536783864852,2.754663492063492,2.505581860362567,18.66813956164264,0.2490816317009252
2019-10-28,40.7,42.0769,3.383,13.8671,13.2798,2.7575,2.4696,16723608958.1,8.3809,12.8751,10.0,3.0,11.9368,4.6539,10.970444047619049,7.696989568992079,2.7709214285714285,2.502937786541762,18.667433616611127,0.2679836420296664
2019-10-29,41.03,42.0769,2.5515,13.9796,13.2922,2.7953,2.4697,16952783647.03,8.3809,12.8751,10.0,3.0,11.9368,4.6539,10.969827976190476,7.69765226150909,2.7587968253968254,2.500248348622847,18.667480237699564,0.2585484767739783
2019-10-30,42.01,42.9231,2.1735,14.2624,13.2964,2.8281,2.4698,17357700244.01,8.6225,13.1058,11.0,3.0,12.3354,4.6539,10.96462996031746,7.702714270881517,2.742114285714285,2.4970580173547674,18.66734423119897,0.2450562683595181
2019-10-31,41.76,42.9231,2.7852,14.1906,13.2964,2.8009,2.4698,17254405193.76,8.8373,13.0414,11.0,3.0,12.3354,4.6539,10.960895436507938,7.706228914168927,2.7230119047619046,2.487353278667624,18.667124350676865,0.2356586260942803
2019-11-01,41.82,43.1538,3.1894,14.1628,13.2964,2.7429,2.4703,17279196005.82,9.7618,13.1815,11.0,3.0,12.3354,4.6539,10.957525198412696,7.7092609471487075,2.701509523809524,2.4713398118247545,18.666786145561403,0.2301697119847694
2019-11-04,40.95,43.1538,5.3817,13.8851,13.2798,2.6684,2.4713,16919729230.95,10.1662,13.0625,11.0,3.0,12.3354,4.6539,10.954740674603174,7.711024236912916,2.6846611111111107,2.445433349833317,18.66576491151609,0.2392277612777937
2019-11-05,40.54,43.1538,6.4475,13.7461,13.2922,2.6417,2.4717,16750325348.54,10.1662,13.0625,11.0,3.0,12.3354,4.6539,10.948539087301588,7.713394146748952,2.673981746031746,2.425805387129308,18.661933234050537,0.2481763589024388
2019-11-06,41.32,43.1538,4.438,14.0106,13.2964,2.6925,2.4721,17072605905.32,10.1662,13.0625,11.0,3.0,12.3354,4.6539,10.936348809523809,7.718827744319686,2.64428253968254,2.380335702041656,18.655176553843496,0.263946837640884
2019-11-07,40.46,43.0833,6.4837,13.7863,13.2964,2.6365,2.4738,16717270932.46,10.1662,12.8219,10.0,3.0,12.3354,4.6539,10.93062857142857,7.721061223924805,2.644470634920635,2.3806405508459774,18.651689795353377,0.2638300840746574
2019-11-08,40.58,42.8462,5.5845,13.8272,13.2964,2.6443,2.4748,16766852556.58,10.1662,12.8219,10.0,3.0,12.3354,4.6539,10.923260317460317,7.724393488834591,2.621293650793651,2.336944685173531,18.647653806294908,0.2843489656201199
2019-11-11,40.79,42.8462,5.0409,13.8874,13.2798,2.658,2.4794,16853620398.79,10.1662,12.8522,11.0,3.0,12.3354,4.6539,10.914472817460318,7.728568371865724,2.608286507936508,2.3186642902968853,18.64304118932604,0.2896222176396223
2019-11-12,40.52,42.8462,5.7409,13.7955,13.2922,2.6404,2.4832,16742061744.52,10.1662,12.8522,11.0,3.0,12.3354,4.6539,10.908093253968254,7.731514522673284,2.6045650793650794,2.313207529412838,18.639607776641537,0.2913575499522416
2019-11-13,40.58,42.8462,5.5845,13.8159,13.2964,2.6443,2.487,16766852556.58,10.1662,12.8522,11.0,3.0,12.3354,4.6539,10.900110912698413,7.734935927962266,2.6075436507936507,2.316826977519214,18.63504684066068,0.2907166732744368
2019-11-14,40.66,43.0,5.755,13.8398,13.2964,2.6495,2.4919,16799906972.66,10.1667,12.865,11.0,3.0,12.3354,4.6539,10.89328492063492,7.737960816143834,2.5938309523809524,2.2927286270633376,18.631245736778755,0.3011023253176148
2019-11-15,40.63,43.0,5.8331,13.8277,13.2964,2.6475,2.4952,16787511566.63,10.1667,12.8662,11.0,3.0,12.3354,4.6539,10.886273809523807,7.740947017276536,2.5809507936507936,2.2696375791303813,18.627220826800347,0.3113132145204123
2019-11-18,41.36,43.0,3.9652,14.0762,13.2798,2.6951,2.4999,17089133113.36,10.1667,12.8662,11.0,3.0,12.3354,4.6539,10.877581349206348,7.746262916125076,2.5666333333333333,2.255007275802332,18.623844265331424,0.3116260575310012
2019-11-19,41.5,43.0769,3.7998,14.1204,13.2922,2.7042,2.5006,17146978341.5,10.1667,12.8524,11.0,3.0,12.3354,4.6539,10.866875992063491,7.752318387008965,2.562080158730159,2.25190683192814,18.619194379072457,0.3101733268020195
2019-11-20,41.2,43.0769,4.5556,14.0184,13.2964,2.6796,2.5013,17023024281.2,10.359,12.857,11.0,3.0,12.3354,3.643,10.858279761904765,7.756917635420052,2.5534238095238098,2.2420308923986814,18.615197397324813,0.3113929171251284
2019-11-21,40.58,43.0769,6.153,13.8074,13.3006,2.6392,2.5018,16766852556.58,10.359,12.857,11.0,3.0,12.3354,3.643,10.852447023809525,7.759352742240783,2.556469841269841,2.2466906836243905,18.611799766050307,0.3097791576454507
2019-11-22,40.84,43.0769,5.4772,13.8959,13.3006,2.6561,2.5022,16874279408.84,10.359,12.857,11.0,3.0,12.3354,3.643,10.84801765873016,7.761787170362075,2.543526984126984,2.224851472163364,18.60980482909224,0.3186755119636197
2019-11-25,41.2,43.0769,4.5556,14.0184,13.2922,2.6796,2.5073,17023024281.2,10.359,12.857,11.0,3.0,12.3354,3.643,10.838607936507938,7.766543134764089,2.5261579365079365,2.200202029173223,18.605151071272022,0.3259559073347136
2019-11-26,42.08,43.0769,2.3691,14.3168,13.2964,2.7454,2.5081,17386622858.08,10.0604,12.9144,11.0,3.0,12.3354,3.643,10.824996031746034,7.775375779543078,2.492424603174604,2.169307647953905,18.60037181128911,0.3231169552206983
2019-11-27,42.23,43.0769,2.0054,14.3679,13.3006,2.7552,2.509,17448599888.23,10.0604,12.9144,11.0,3.0,12.3354,3.643,10.812013095238097,7.784641416198564,2.4597373015873014,2.145043003978924,18.59665451143666,0.3146942976083773
2019-11-29,41.97,43.0769,2.6374,14.2794,13.3006,2.7382,2.5099,17341173035.97,10.0604,12.9144,11.0,3.0,12.3354,3.643,10.801219642857143,7.792208200204782,2.444834126984127,2.1371566869341843,18.593427843061924,0.3076774400499427
2019-12-02,41.52,43.0769,3.7498,14.1263,13.2922,2.7089,2.5111,17155241945.52,10.0604,12.9144,11.0,3.0,12.3354,3.643,10.791630753968256,7.797915272744429,2.436857142857143,2.130330212880163,18.58954602671268,0.3065269299769797
2019-12-03,40.62,43.0769,6.0485,13.8201,13.2964,2.6502,2.5119,16783379764.62,10.0604,12.9144,11.0,3.0,12.3354,3.643,10.783052976190476,7.800755381213125,2.459336507936508,2.15343711518539,18.5838083574036,0.305899392751118
2019-12-04,41.04,43.0769,4.9632,13.963,13.3006,2.6776,2.5128,16956915449.04,10.0604,12.9144,11.0,3.0,12.3354,3.643,10.7727375,7.80501434535612,2.4773468253968254,2.164873885793652,18.57775184535612,0.3124729396031735
2019-12-05,41.33,43.0769,4.2267,14.0616,13.3006,2.6965,2.5128,17076737707.33,10.0604,12.9144,11.0,3.0,12.3354,3.643,10.758089285714284,7.81036697918775,2.490884126984127,2.170474801564739,18.568456264902032,0.320409325419388
2019-12-06,41.16,43.0769,4.6572,14.0038,13.3006,2.6854,2.5169,17006497073.16,10.0604,12.9151,11.0,3.0,12.3354,3.643,10.742073611111111,7.814592095929453,2.502784126984127,2.1782569414069344,18.556665707040565,0.3245271855771925
2019-12-09,41.45,43.0769,3.925,14.1025,13.2922,2.7043,2.5202,17126319331.45,10.0604,12.9151,11.0,3.0,12.3354,3.643,10.72496646825397,7.820068437834273,2.4990484126984125,2.17538635085332,18.54503490608824,0.3236620618450931
2019-12-10,41.16,43.0769,4.6572,14.0038,13.2964,2.6854,2.5208,17006497073.16,10.0604,12.9151,11.0,3.0,12.3354,3.643,10.706905357142858,7.823555901402918,2.502069841269841,2.1781374718884563,18.530461258545778,0.3239323693813847
2019-12-11,41.02,43.0769,5.0144,13.9562,13.3006,2.6763,2.5214,16948651845.02,10.0604,12.9151,11.0,3.0,12.3354,3.643,10.689921031746032,7.826609258833038,2.5079261904761903,2.1839308319518804,18.51653029057907,0.3239953585243098
2019-12-12,41.66,43.0769,3.4011,14.1739,13.3006,2.718,2.5228,17213087173.66,10.0604,12.9151,11.0,3.0,12.3354,3.643,10.671123214285714,7.832725235105877,2.5130801587301588,2.1852765896162056,18.50384844939159,0.3278035691139531
2019-12-13,41.75,43.2308,3.5468,14.2045,13.3006,2.7239,2.5296,17250273391.75,10.0604,12.9151,11.0,3.0,12.3354,3.643,10.651813293650791,7.838277655235117,2.518472222222222,2.186995367956613,18.49009094888591,0.3314768542656088
2019-12-16,42.06,43.2308,2.7836,14.31,13.2922,2.7441,2.538,17378359254.06,10.0604,12.9151,11.0,3.0,12.3354,3.643,10.626668253968251,7.843159036718064,2.5237396825396825,2.1868269786917662,18.46982729068632,0.3369127038479163
2019-12-17,42.62,43.2308,1.4331,14.5005,13.2964,2.7806,2.5386,17609740166.62,10.0604,12.9151,11.0,3.0,12.3354,3.643,10.597006547619047,7.84961342933247,2.525473015873016,2.1858674448528417,18.44661997695152,0.3396055710201744
2019-12-18,42.34,43.2308,2.1039,14.4058,13.3006,2.7624,2.5392,17494049710.34,10.0604,12.9157,11.0,3.0,12.3354,3.643,10.574247420634922,7.85758818498678,2.536236507936508,2.1803755828246576,18.431835605621703,0.3558609251118501
2019-12-19,42.43,43.2308,1.8873,14.4364,13.3006,2.7683,2.54,17531235928.43,10.0604,12.9157,11.0,3.0,12.3354,3.643,10.549867063492064,7.865452706321098,2.545719841269841,2.1748834711967056,18.415319769813163,0.3708363700731354
2019-12-20,42.67,43.2308,1.3143,14.518,13.3006,2.7839,2.5412,17630399176.67,10.0604,12.9157,11.0,3.0,12.3354,3.643,10.521989484126983,7.873249312663232,2.5449126984126984,2.1753249136253,18.395238796790217,0.3695877847873987
2019-12-23,42.07,43.2308,2.7592,14.3139,13.2922,2.7448,2.5442,17382491056.07,10.0604,12.9157,11.0,3.0,12.3354,3.643,10.494525,7.876142884909375,2.5359206349206347,2.172050382374279,18.370667884909373,0.3638702525463557
2019-12-24,42.01,43.2308,2.906,14.2935,13.2964,2.7409,2.5451,17357700244.01,10.0604,12.9157,11.0,3.0,12.3354,3.643,10.467196626984126,7.878534851903128,2.5131317460317457,2.152746510285312,18.34573147888725,0.3603852357464339
2019-12-26,42.18,43.2308,2.4912,14.3513,13.2964,2.7519,2.5452,17427940878.18,10.0604,12.9157,11.0,3.0,12.3354,3.643,10.439587103174604,7.88206155153579,2.508392063492064,2.152127150690212,18.3216486547104,0.3562649128018513
2019-12-27,42.56,43.2308,1.5761,14.4806,13.2964,2.7767,2.5456,17584949354.56,10.0604,12.9157,11.0,3.0,12.3354,3.643,10.411620436507937,7.888465069779786,2.5110873015873016,2.150733740582252,18.30008550628772,0.3603535610050503
2019-12-30,42.73,43.2308,1.172,14.5385,13.2798,2.7878,2.5472,17655189988.73,10.0604,12.9157,11.0,3.0,12.3354,3.643,10.383384523809523,7.896029164588364,2.526712698412698,2.133592699612304,18.279413688397888,0.3931199988003939
2019-12-31,42.89,43.2308,0.7946,14.5929,13.2922,2.7983,2.5477,17721298820.89,10.0604,12.9157,11.0,3.0,12.3354,3.643,10.355307341269842,7.904928966341687,2.534738095238095,2.125076112589524,18.260236307611528,0.4096619826485712
2020-01-02,43.4,43.2308,-0.3899,14.7664,13.2922,2.8315,2.5486,17932020723.4,10.0604,12.9157,11.0,3.0,12.3354,3.643,10.324729166666668,7.916641952536075,2.540042063492064,2.1168548740567847,18.241371119202743,0.4231871894352785
2020-01-03,43.35,44.1538,1.8542,14.7494,13.2922,2.8269,2.549,17911361713.35,10.0481,12.9157,11.0,3.0,12.3354,3.643,10.292167261904762,7.9176666333132255,2.563984126984127,2.091551874199511,18.209833895217987,0.4724322527846158
2020-01-06,43.52,44.3077,1.81,14.7906,13.2675,2.838,2.5504,17981602347.52,10.0481,12.8648,11.0,3.0,12.3354,3.643,10.259756746031746,7.918890909797038,2.582338095238095,2.0745038226570216,18.178647655828783,0.5078342725810736
2020-01-07,43.16,44.3077,2.6592,14.6683,13.2798,2.8145,2.5506,17832857475.16,10.0481,12.8648,11.0,3.0,12.3354,3.643,10.229903174603177,7.919127107767347,2.616886507936508,2.03865655094181,18.14903028237052,0.5782299569946976
2020-01-08,42.73,44.3077,3.6923,14.5054,13.2922,2.7864,2.5509,17655189988.73,10.1133,12.9672,11.0,3.0,12.3354,3.643,10.20114761904762,7.916495492892043,2.6543,2.0144580816094053,18.117643111939664,0.6398419183905948
2020-01-09,43.6,44.3077,1.6232,14.8007,13.2922,2.8432,2.5513,18014656763.6,10.1133,12.9762,11.0,3.0,12.3354,3.643,10.169114682539682,7.918480403412449,2.6730396825396827,1.9935222900218952,18.08759508595213,0.6795173925177875
2020-01-10,43.53,44.3077,1.7866,14.777,13.2922,2.8386,2.5514,17985734149.53,10.1133,12.9762,11.0,3.0,12.3354,3.643,10.135300198412695,7.917814409745693,2.6884460317460315,1.978942571037767,18.05311460815839,0.7095034607082644
2020-01-13,43.69,44.3077,1.4138,14.8147,13.2675,2.849,2.5514,18051842981.69,10.1133,12.9183,11.0,3.0,12.1572,3.643,10.099441666666666,7.916304165611298,2.703575396825397,1.9616404893331705,18.015745832277965,0.7419349074922266
2020-01-14,43.67,44.3077,1.4603,14.8079,13.2798,2.8477,2.5515,18043579377.67,10.1133,12.9183,11.0,3.0,12.1572,3.643,10.069278174603172,7.920208354123214,2.7211238095238097,1.9402647225752487,17.98948652872639,0.7808590869485605
2020-01-15,44.05,44.3077,0.585,14.9373,13.2922,2.8725,2.5516,18200587854.05,10.1133,12.9295,11.0,3.0,12.1572,3.643,10.04204880952381,7.929190262675499,2.7234595238095243,1.93749070055833,17.97123907219931,0.7859688232511943
2020-01-16,44.56,44.3077,-0.5662,15.1102,13.2964,2.9058,2.5517,18411309756.56,10.1133,12.9295,11.0,3.0,12.1572,3.643,10.014247817460316,7.941787111423712,2.7191571428571426,1.9442308936312087,17.95603492888403,0.7749262492259339
2020-01-17,45.17,44.3077,-1.909,15.3171,13.2964,2.9455,2.5517,18663349679.17,10.1133,12.9295,11.0,3.0,12.1572,3.643,9.982817658730156,7.957582121980079,2.685389682539683,1.9872411405901749,17.940399780710237,0.6981485419495079
2020-01-21,45.15,44.0,-2.5471,15.3285,13.2798,2.9001,2.5516,18655086075.15,10.1418,12.9263,11.0,3.0,12.1572,3.643,9.94740615079365,7.973566813573358,2.6430849206349207,2.0411463042154128,17.92097296436701,0.601938616419508
2020-01-22,45.48,44.0,-3.2542,15.4405,13.2922,2.9213,2.5517,18791435541.48,10.1418,12.9263,11.0,3.0,12.1572,3.643,9.913679166666665,7.993400685758448,2.59820873015873,2.1076052909794627,17.907079852425113,0.4906034391792673
2020-01-23,45.24,44.0,-2.7409,15.359,13.2922,2.9059,2.5517,18692272293.24,10.1418,12.9263,11.0,3.0,12.1572,3.643,9.884911904761903,8.012816662925394,2.562353174603175,2.1594805923534706,17.8977285676873,0.4028725822497043
2020-01-24,44.99,44.0,-2.2005,15.2741,13.2922,2.8898,2.5517,18588977242.99,10.1418,12.9263,11.0,3.0,12.1572,3.643,9.858712698412695,8.0307176458244,2.5354619047619047,2.1974964151730942,17.8894303442371,0.3379654895888104
2020-01-27,44.55,44.0,-1.2346,15.1289,13.2798,2.8615,2.5515,18407177954.55,10.1418,12.9418,11.0,3.0,12.1572,3.5654,9.835144246031746,8.045824935231682,2.5202301587301585,2.216993019466825,17.880969181263428,0.303237139263333
2020-01-28,44.66,44.0,-1.4778,15.1698,13.2922,2.8686,2.5516,18452627776.66,10.1418,12.9303,11.0,3.0,12.1572,3.5654,9.808597817460315,8.061050924992529,2.503068253968254,2.239571123609516,17.869648742452846,0.2634971303587385
2020-01-29,44.13,44.0,-0.2946,14.9898,13.2964,2.8346,2.5517,18233642270.13,10.1418,12.933,11.0,3.0,12.1572,3.7173,9.783748214285716,8.072868283320211,2.488613492063492,2.251767622908272,17.856616497605927,0.2368458691552195
2020-01-30,44.48,44.0,-1.0791,15.1087,13.2964,2.857,2.5517,18378255340.48,10.1418,12.933,11.0,3.0,12.1572,3.7173,9.75536626984127,8.085879167527898,2.4468650793650792,2.268834590262644,17.841245437369167,0.1780304891024351
2020-01-31,44.16,44.0,-0.3623,15.0,13.2964,2.8365,2.5517,18246037676.16,10.1418,12.933,11.0,3.0,12.1572,3.7173,9.72729365079365,8.096410470068818,2.406219841269841,2.272951532858685,17.823704120862466,0.1332683084111559
2020-02-03,44.68,44.0,-1.5219,15.1766,13.2798,2.8699,2.5515,18460891380.68,10.1418,12.933,11.0,3.0,12.1572,3.7173,9.69714365079365,8.109967227983429,2.3600214285714283,2.293236652545615,17.80711087877708,0.0667847760258131
2020-02-04,44.87,44.0,-1.9389,15.2412,13.2922,2.8821,2.5516,18539395618.87,10.1418,12.933,11.0,3.0,12.1572,3.7173,9.666907936507936,8.124901691080197,2.289469047619048,2.287611866256112,17.791809627588133,0.001857181362936
2020-02-05,45.72,44.0,-3.762,15.5299,13.2964,2.9367,2.5517,18890598789.72,10.1418,12.933,11.0,3.0,12.1572,3.7173,9.632387698412698,8.14493897258929,2.228686507936508,2.3455795103253267,17.777326671001987,-0.116893002388819
2020-02-06,46.14,44.1667,-4.2768,15.7281,13.2964,2.9637,2.5517,19064134474.14,10.1418,12.8002,11.0,3.0,10.2937,3.7173,9.588197817460316,8.159881644668923,2.172009523809524,2.4153347651516275,17.74807946212924,-0.2433252413421036
2020-02-07,46.15,44.1667,-4.2975,15.7315,13.2964,2.9643,2.5517,19068266276.15,10.1418,12.8002,11.0,3.0,10.2937,3.7173,9.541945238095238,8.17240637445796,2.119306349206349,2.483071572540926,17.714351612553198,-0.3637652233345769
2020-02-10,46.78,44.1667,-5.5864,15.9463,13.2798,3.0048,2.5515,19328569802.78,10.1418,12.8002,11.0,3.0,10.2937,3.7173,9.496194642857144,8.192442496166375,2.0471809523809528,2.5729637705874904,17.68863713902352,-0.5257828182065376
2020-02-11,47.75,44.1667,-7.5043,16.2769,13.2922,3.0741,2.5516,19774464930.0,10.1418,12.8002,11.0,3.0,10.2937,3.7173,9.441273214285715,8.21345954009126,1.951619841269841,2.7002248422538253,17.654732754376973,-0.748605000983984
2020-02-12,47.04,46.5,-1.148,14.9295,13.2964,2.8516,2.5517,19480436236.8,7.7147,6.6067,3.0,3.0,10.2937,2.3318,9.40135119047619,8.215937926341777,1.916176984126984,2.7114345856958373,17.617289116817965,-0.7952576015688533
2020-02-13,47.83,46.5,-2.7807,15.1803,13.2964,2.8995,2.5517,19807594923.6,6.577,6.5369,4.0,3.0,10.2937,2.3318,9.358271031746032,8.22278780512456,1.843602380952381,2.7138183141684005,17.58105883687059,-0.8702159332160195
2020-02-14,47.68,47.5833,-0.2028,15.0886,13.2964,2.9017,2.5522,19745476185.6,7.4947,6.9496,4.0,3.0,10.2937,2.3318,9.32333373015873,8.225935050234035,1.7993626984126982,2.701254576843693,17.549268780392765,-0.9018918784309946
2020-02-18,47.89,47.5833,-0.6404,15.1551,13.2798,2.9145,2.554,19832442418.8,7.4947,6.9496,4.0,3.0,10.2937,2.3318,9.294281349206347,8.235229855995675,1.7693222222222222,2.707213828980593,17.529511205202024,-0.9378916067583708
2020-02-19,48.18,47.8333,-0.7196,15.2324,13.2922,2.9144,2.5549,19952538645.6,7.7883,6.8697,5.0,3.0,10.2937,2.3318,9.26461865079365,8.244334342038124,1.7451912698412697,2.715795228069436,17.508952992831773,-0.970603958228166
2020-02-20,47.9,47.8333,-0.1392,15.1439,13.2922,2.8975,2.5562,19836583668.0,7.7883,6.8697,5.0,3.0,10.2937,2.3318,9.23610753968254,8.251970623784814,1.7195404761904762,2.718227279539023,17.488078163467353,-0.998686803348547
2020-02-21,47.12,47.8333,1.5138,14.8977,13.2922,2.8503,2.5562,19513566230.4,7.7883,6.8746,5.0,3.0,10.2937,2.3318,9.207963690476191,8.254075388532218,1.70824126984127,2.7160821194736955,17.46203907900841,-1.0078408496324256
2020-02-24,45.65,47.8333,4.7827,14.433,13.2675,2.7613,2.5549,18904802598.0,7.7883,6.8746,5.0,3.0,10.2937,2.3318,9.186615873015873,8.251574076780631,1.717518253968254,2.724625564745672,17.438189949796502,-1.0071073107774182
2020-02-25,44.39,47.8333,7.7569,14.0346,13.2798,2.6851,2.5558,18383005198.8,7.7883,6.8746,5.0,3.0,10.2937,2.3318,9.16882261904762,8.244953225373228,1.7299531746031744,2.748670543915982,17.413775844420847,-1.0187173693128082
2020-02-26,43.83,47.8333,9.1337,13.8575,13.2922,2.6512,2.5562,18151095243.6,7.7883,6.8746,5.0,3.0,10.2937,2.3318,9.153919047619048,8.238198278286326,1.7621706349206347,2.811261279470895,17.392117325905375,-1.04909064455026
2020-02-27,42.42,47.8333,12.7612,13.4117,13.2922,2.5659,2.5562,17567179106.4,7.7883,6.8746,5.0,3.0,10.2937,2.3318,9.147780357142857,8.234346777427168,1.8250968253968247,2.965065327251893,17.382127134570027,-1.1399685018550678
2020-02-28,40.43,48.0,18.7237,12.7939,13.2675,2.4456,2.5549,16743070515.6,7.7883,6.0044,6.0,3.0,10.2937,5.0445,9.15463392857143,8.240887001086186,1.930473015873016,3.310591614015168,17.395520929657614,-1.3801185981421522
2020-03-02,42.49,48.3636,13.8235,13.4458,13.2656,2.5702,2.5549,17596167850.8,7.7867,5.9968,6.0,3.0,10.2937,5.0445,9.14966507936508,8.237307543939934,2.000772222222222,3.465960526045232,17.386972623305013,-1.4651883038230094
2020-03-03,41.62,48.3636,16.2028,13.1705,13.2638,2.5176,2.554,17235879170.4,7.7867,5.9968,6.0,3.0,10.2937,5.0445,9.144118452380951,8.231601943557123,2.0899547619047616,3.680776391026579,17.375720395938075,-1.5908216291218171
2020-03-04,43.08,48.3636,12.2646,13.6325,13.2656,2.6059,2.5549,17840501553.6,7.7867,5.9968,6.0,3.0,10.2937,5.0445,9.13042896825397,8.220634950847968,2.160755555555556,3.789284129638524,17.35106391910194,-1.628528574082968
2020-03-05,41.17,48.3636,17.4729,13.0281,13.2621,2.4903,2.5538,17049522956.4,7.7867,5.9968,6.0,3.0,10.2937,5.0445,9.135031746031745,8.224662228596188,2.286957142857143,4.026851912200156,17.35969397462793,-1.739894769343013
2020-03-06,40.7,48.3636,18.8295,12.8793,13.24,2.4619,2.5527,16854884244.0,7.7867,5.9968,6.0,3.0,10.2937,5.0445,9.144685515873014,8.233192579230009,2.4300007936507937,4.285628433011993,17.37787809510302,-1.8556276393612
2020-03-09,36.65,48.3636,31.9607,11.5977,13.2294,2.2169,2.5515,15177678318.0,7.7867,5.9968,6.0,3.0,10.2937,5.0445,9.179409722222225,8.292347166937853,2.680746825396825,5.024507377687019,17.471756889160076,-2.343760552290194
2020-03-10,37.83,48.3636,27.8446,11.9711,13.2271,2.2883,2.5514,15666345723.6,7.7867,5.9968,6.0,3.0,10.2937,5.0445,9.203509523809524,8.32890014043942,2.8994031746031745,5.49705930977566,17.532409664248945,-2.597656135172486
2020-03-11,35.88,48.3636,34.7926,11.3541,13.2262,2.1703,2.5512,14858802129.6,7.7867,5.9968,6.0,3.0,10.2937,5.0445,9.239752976190475,8.400265380664898,3.155886507936508,6.1876750819849855,17.640018356855375,-3.031788574048478
2020-03-12,30.68,48.3636,57.6389,9.7086,13.2206,1.8558,2.5501,12705352545.6,7.7867,5.9968,6.0,3.0,10.2937,5.0445,9.31334265873016,8.65804487554687,3.592887301587301,7.863798879228716,17.971387534277028,-4.270911577641414
2020-03-13,32.77,48.0,46.4754,10.391,13.1956,1.9822,2.549,13570873628.4,7.7867,5.7237,6.0,3.0,10.2937,5.0445,9.36562242063492,8.801824604581375,3.938672222222222,8.742214776951178,18.167447025216298,-4.803542554728956
2020-03-16,27.24,48.0,76.2115,8.6375,13.1884,1.6477,2.5482,11280762820.8,7.7867,5.7237,6.0,3.0,10.2937,5.0445,9.47402261904762,9.276167789732156,4.52126507936508,10.856371272386186,18.750190408779776,-6.335106193021106
2020-03-17,30.22,48.0,58.8352,9.5824,13.1826,1.828,2.5477,12514855082.4,7.7867,5.7237,6.0,3.0,10.2937,5.0445,9.547516666666668,9.517568046761278,4.967559523809524,11.884047614284864,19.065084713427943,-6.916488090475339
2020-03-18,27.49,48.0,74.6089,8.7167,13.1768,1.6628,2.5472,11384294050.8,7.7867,5.7237,6.0,3.0,10.2937,5.0445,9.654524007936509,9.936892895469011,5.546994444444445,13.401521147620892,19.59141690340552,-7.854526703176447
2020-03-19,27.06,48.0,77.3836,8.5804,13.1705,1.6368,2.5469,11206220335.2,7.7867,5.7237,6.0,3.0,10.2937,5.0445,9.768045833333332,10.374434523744291,6.147465079365079,14.846022996287315,20.142480357077623,-8.698557916922237
2020-03-20,25.97,48.0,84.8286,8.2348,13.1696,1.5709,2.5456,10754824172.4,7.7867,5.7237,6.0,3.0,10.2937,5.0445,9.8978375,10.891648931561823,6.811536507936508,16.409945101083597,20.789486431561823,-9.598408593147088
2020-03-23,23.26,48.0,106.3629,7.3755,13.1174,1.407,2.5432,9632545639.2,7.7867,5.7237,6.0,3.0,10.2937,5.0445,10.070024603174602,11.700937234061923,7.643773809523809,18.64527596320391,21.770961837236527,-11.001502153680102
2020-03-24,25.6,48.0,87.5,8.1174,13.1174,1.5485,2.5416,10601597952.0,7.7867,5.7237,6.0,3.0,10.2937,5.0445,10.200650992063492,12.187980575215391,8.32846111111111,19.946447052786027,22.388631567278885,-11.617985941674917
2020-03-25,25.72,46.1818,79.556,8.1555,13.1174,1.5558,2.5401,10651292942.4,7.7867,5.7237,6.0,3.0,10.2937,5.0445,10.312736904761906,12.560582784486996,8.954570634920636,20.91848027929781,22.873319689248905,-11.963909644377178
2020-03-26,29.67,46.1818,55.6515,9.408,13.1104,1.7947,2.5386,12287086376.4,7.7867,5.7237,6.0,3.0,10.2937,5.0445,10.381711507936508,12.713292599697102,9.40295476190476,21.3086073966052,23.09500410763361,-11.90565263470044
2020-03-27,29.07,46.1818,58.8641,9.2177,13.104,1.7584,2.5242,12038611424.4,7.7867,5.7259,6.0,3.0,10.2937,5.0445,10.457571428571429,12.887445740864033,9.884080952380952,21.73472232266782,23.34501716943546,-11.85064137028687
2020-03-30,30.54,46.1818,51.2174,9.6839,13.0926,1.8473,2.5202,12647375056.8,7.7867,5.7258,6.0,3.0,10.2937,5.0445,10.521941666666669,13.00951529967259,10.298770634920634,22.021326224538143,23.531456966339256,-11.722555589617508
2020-03-31,28.46,44.9091,57.7973,9.147,13.088,1.7215,2.5198,11785995223.2,7.7867,5.7365,6.0,3.0,10.2937,5.0445,10.598789087301586,13.173446498408117,10.764372222222224,22.400256883304323,23.7722355857097,-11.6358846610821
2020-04-01,26.02,42.4545,63.161,8.3898,13.0835,1.5753,2.5194,10775530418.4,7.6975,5.532,6.0,3.0,10.2937,5.0445,10.685197222222222,13.37398018377535,11.262098412698412,22.86117987389797,24.059177405997573,-11.599081461199562
2020-04-02,26.32,42.4545,61.3013,8.6261,13.0768,1.5934,2.5176,10899767894.4,7.6975,5.5992,6.0,3.0,10.2937,5.0445,10.770150595238094,13.558340303396395,11.733746031746032,23.2752132429386,24.32849089863449,-11.54146721119257
2020-04-03,24.61,42.4,72.2877,8.132,13.07,1.4899,2.5169,10191614281.2,7.6975,5.6341,6.0,2.0,10.4406,5.0445,10.878288095238094,13.829052108856915,12.297896031746031,23.87178504538746,24.70734020409501,-11.573889013641429
2020-04-06,27.03,42.4,56.8627,8.9317,13.0473,1.6364,2.5128,11193796587.6,7.6975,5.6341,6.0,2.0,10.4406,5.0445,10.955495833333334,13.976451498102415,12.749449206349206,24.17288472292456,24.93194733143575,-11.423435516575354
2020-04-07,27.88,41.1,47.4175,9.2585,13.0464,1.7,2.5119,11545802769.6,7.7001,5.7548,6.0,2.0,10.4406,5.0445,11.013362103174602,14.066807357379789,13.121657142857142,24.3435224718936,25.08016946055439,-11.221865329036458
2020-04-08,28.69,41.1,43.2555,9.5274,13.0454,1.7494,2.5111,11881243954.8,7.7001,5.7548,6.0,2.0,10.4406,5.0445,11.048256944444445,14.12492745394312,13.441011111111113,24.473492240264274,25.17318439838757,-11.032481129153163
2020-04-09,31.0,40.4,30.3226,10.5288,13.0281,1.8902,2.5101,12837872520.0,7.7001,3.2742,6.0,2.0,2.6617,5.0445,11.052458730158731,14.13035517637472,13.66546984126984,24.49777997083089,25.18281390653345,-10.83231012956105
2020-04-13,29.22,38.2,30.7324,10.2707,12.9848,1.8058,2.5081,12100730162.4,7.7121,2.7428,6.0,2.0,2.6617,5.0445,11.060725,14.140663626249836,13.893180952380952,24.52219675272414,25.20138862624984,-10.629015800343186
2020-04-14,29.25,37.1,26.8376,10.2808,12.9816,1.8077,2.5073,12113153910.0,7.7123,2.7418,6.0,2.0,2.6617,5.0445,11.064800595238095,14.144922014752808,14.096422222222222,24.522519215545174,25.209722609990905,-10.426096993322952
2020-04-15,27.35,36.7,34.1865,9.8872,12.9742,1.6903,2.5072,11326316562.0,7.7123,3.058,6.0,2.0,1.3127,5.0445,11.083365476190476,14.169143660128164,14.35991984126984,24.55886285466172,25.25250913631864,-10.198943013391878
2020-04-16,26.49,36.7,38.5428,9.6366,12.97,1.6393,2.5046,10970169130.8,7.7014,2.8873,6.0,2.0,1.3127,5.0445,11.11428253968254,14.21204652512293,14.663920634920634,24.61966310986832,25.32632906480547,-9.955742474947678
2020-04-17,27.15,36.7,35.175,10.0377,12.9694,1.7058,2.5022,11243491578.0,7.3297,3.1372,6.0,2.0,1.3127,5.0445,11.137173611111113,14.241518912423638,14.942330952380953,24.65192399380288,25.378692523534752,-9.709593041421927
2020-04-20,26.7,35.9,34.4569,10.0573,12.9505,1.6776,2.5006,11057135364.0,7.3297,2.6771,6.0,2.0,1.3127,35.6837,11.15498253968254,14.265084217366574,15.215798412698412,24.67594648793349,25.42006675704912,-9.46014807523508
2020-04-21,25.29,35.9,41.9533,9.5261,12.9454,1.589,2.4999,10473219226.8,7.3297,2.6771,6.0,2.0,1.3127,35.6837,11.187943452380951,14.317025237315216,15.554576190476189,24.74815067122528,25.50496868969617,-9.193574480749094
2020-04-22,24.9,35.9,44.1767,9.3792,12.9366,1.5645,2.4988,10311710508.0,7.3297,2.6771,6.0,2.0,1.3127,35.6837,11.226788492063491,14.37990534776782,15.91474603174603,24.832378513064427,25.60669383983131,-8.917632481318396
2020-04-23,24.26,35.9,47.9802,9.1361,12.9279,1.5243,2.4978,10046670559.2,7.3297,2.8314,6.0,2.0,1.3127,35.6837,11.273362896825397,14.460788682116169,16.28178492063492,24.96252925372128,25.734151578941564,-8.68074433308636
2020-04-24,23.64,35.9,51.8613,8.9026,12.9112,1.4853,2.4952,9789913108.8,7.3297,2.8314,6.0,2.0,1.3127,35.6837,11.326813095238096,14.560779069534568,16.68021111111111,25.127367593475352,25.887592164772663,-8.447156482364242
2020-04-27,24.65,35.9,45.6389,9.283,12.8901,1.5488,2.4903,10208179278.0,7.3297,2.8314,6.0,2.0,1.3127,35.6837,11.367179166666666,14.6276241983751,17.029253174603173,25.22232527751456,25.99480336504177,-8.19307210291138
2020-04-28,24.75,35.9,45.0505,9.3206,12.8847,1.5551,2.4886,10249591770.0,7.3297,2.8314,6.0,2.0,1.3127,35.6837,11.408578571428572,14.6933531751063,17.361957936507938,25.31383131744494,26.10193174653488,-7.951873380937002
2020-04-29,25.58,35.9,40.344,9.6332,12.8793,1.6072,2.487,10593315453.6,7.3297,2.8314,6.0,2.0,1.3127,35.6837,11.441725595238095,14.73976689204036,17.655299206349206,25.36464906940364,26.18149248727845,-7.709349863054435
2020-04-30,24.03,35.9,49.3966,9.0495,12.8692,1.5098,2.4794,9951421827.6,7.3297,2.8314,6.0,2.0,1.3127,35.6837,11.488058333333337,14.822232511350188,18.027085714285715,25.484528145714485,26.31029084468352,-7.45744243142877
2020-05-01,23.11,35.9,55.344,8.703,12.8566,1.452,2.4784,9570426901.2,7.3297,2.8314,6.0,2.0,1.3127,35.6837,11.547773015873016,14.937949855730263,18.44907380952381,25.659528513985364,26.48572287160328,-7.210454704461554
2020-05-04,23.8,35.9,50.8403,8.9629,12.8524,1.495,2.4738,9853998966.0,7.3297,2.8314,6.0,2.0,1.3127,35.6837,11.59773888888889,15.027090181833522,18.83046349206349,25.78168843455711,26.624829070722413,-6.951224942493621
2020-05-05,23.74,34.3,44.4819,8.9642,12.8516,1.4212,2.473,9829156951.8,8.4319,13.7225,6.0,2.0,7.0297,35.6837,11.633310317460316,15.08367671669114,19.158181746031744,25.84364577049112,26.71698703415145,-6.685464024459375
2020-05-06,23.42,34.3,46.456,8.8434,12.8509,1.4021,2.4721,9696666209.4,8.4319,13.7225,6.0,2.0,7.0297,35.6837,11.67566507936508,15.151410745493584,19.484168253968253,25.92739757142362,26.827075824858664,-6.443229317455366
2020-05-07,24.71,34.3,38.8102,9.513,12.8482,1.4793,2.4713,10230769514.7,8.4319,16.5698,6.0,2.0,7.0297,35.6837,11.70561369047619,15.190125650905228,19.74101507936508,25.95749936037156,26.89573934138141,-6.216484281006483
2020-05-08,25.95,33.8,30.2505,10.5471,12.844,1.5343,2.4705,10744171141.5,8.8433,34.394,6.0,2.0,7.0297,35.6837,11.721156944444443,15.20510809798871,19.945876190476188,25.937609859940213,26.926265042433155,-5.9917336694640255
2020-05-11,25.26,33.8,33.8084,10.3014,12.8431,1.4834,2.4698,10458487978.2,9.4335,41.3283,6.0,2.0,7.0297,35.6837,11.743968452380953,15.229632154442164,20.16273888888889,25.93838303768673,26.97360060682312,-5.775644148797841
2020-05-12,23.65,33.8,42.9175,9.6448,12.8404,1.3889,2.4698,9791893930.5,9.4335,41.3283,6.0,2.0,7.0297,35.6837,11.785402579365078,15.285987913107055,20.45903253968254,25.983711343759417,27.071390492472133,-5.524678804076878
2020-05-13,22.24,33.8,51.9784,9.0698,12.8377,1.3061,2.4698,9208106596.8,9.4335,41.3283,6.0,2.0,7.0297,35.6837,11.845088293650791,15.383961773341085,20.83155238095238,26.09711454755321,27.22905006699188,-5.26556216660083
2020-05-14,22.85,33.8,47.9212,9.3185,12.8314,1.3419,2.4696,9460667074.5,9.4335,41.3283,6.0,2.0,7.0297,35.6837,11.895257738095236,15.460262445311589,21.166316666666667,26.17241665943057,27.355520183406824,-5.006099992763911
2020-05-15,22.98,33.8,47.0844,9.3716,12.8281,1.3495,2.4691,9514491438.6,9.4335,41.3283,6.0,2.0,7.0297,35.6837,11.940590873015871,15.529862869131572,21.49568095238095,26.235809066613392,27.47045374214744,-4.740128114232441
2020-05-18,24.36,33.5,37.5205,9.9343,12.8142,1.4306,2.4669,10085857765.2,9.4335,41.3283,6.0,2.0,7.0297,35.6837,11.96882619047619,15.56343866552041,21.747788095238093,26.235964194470466,27.5322648559966,-4.488176099232369
2020-05-19,24.28,33.5,37.9736,9.9017,12.8085,1.4259,2.4669,10052735079.6,9.4335,41.3283,6.0,2.0,7.0297,35.6837,11.998146825396825,15.598512632203349,22.002871428571428,26.23623880370309,27.59665945760017,-4.233367375131667
2020-05-20,26.54,33.5,26.2246,10.8234,12.8028,1.5586,2.4669,10988450947.8,9.4335,41.3283,6.0,2.0,7.0297,35.6837,12.003689682539685,15.603078996702806,22.17953333333333,26.18870922121667,27.60676867924249,-4.009175887883334
2020-05-21,27.45,33.5,22.0401,11.2059,12.7939,1.612,2.4669,11365221496.5,9.4335,43.8587,6.0,2.0,7.0297,76.2458,12.003791666666665,15.603144557857854,22.32429761904762,26.1366601744644,27.60693622452452,-3.812362555416776
2020-05-22,28.3,34.0,20.1413,11.184,12.7918,1.6619,2.4659,11717150031.0,9.4335,45.5867,6.0,3.0,8.0198,76.2458,12.00030853174603,15.601127534845524,22.44799365079365,26.088731147177672,27.60143606659156,-3.64073749638402
2020-05-26,29.39,34.0,15.6856,11.6148,12.7726,1.7259,2.4657,12168446622.3,9.4335,45.5867,6.0,3.0,8.0198,76.2458,11.985220634920635,15.593863010451198,22.52364920634921,26.054898743134626,27.57908364537183,-3.531249536785417
2020-05-27,29.92,34.0,13.6364,11.8242,12.7705,1.7571,2.465,12387884414.4,9.4335,45.5867,6.0,3.0,8.0198,76.2458,11.965506349206349,15.585463436168911,22.58840476190476,26.022312269090467,27.55096978537526,-3.4339075071857046
2020-05-28,29.04,34.0,17.0799,11.4764,12.7638,1.7054,2.4642,12023534872.8,9.4335,45.5867,6.0,3.0,8.0198,76.2458,11.954020833333333,15.579544392966936,22.687803968253967,25.976760175265568,27.53356522630027,-3.2889562070116014
2020-05-29,28.22,34.0,20.4819,11.1524,12.7575,1.6572,2.464,11684027345.4,9.4335,45.5867,6.0,3.0,8.0198,76.2458,11.946097222222225,15.5741780798862,22.83155634920635,25.913459232398875,27.520275302108423,-3.0819028831925266
2020-06-01,29.1,34.2727,17.7756,11.5002,12.753,1.7089,2.4619,12048376887.0,9.4335,45.5867,6.0,3.0,8.0198,76.2458,11.936176984126984,15.568857902633429,22.956716666666665,25.85007253788428,27.505034886760413,-2.893355871217615
2020-06-02,30.38,34.2727,12.8134,12.006,12.7522,1.7841,2.4617,12578339856.6,9.4335,45.5867,6.0,3.0,8.0198,76.2458,11.914454761904762,15.559961108066735,23.03747857142857,25.80193352239976,27.4744158699715,-2.764454950971181
2020-06-03,32.35,34.2727,5.9434,12.7845,12.753,1.8998,2.4615,13393985989.5,9.4335,45.5867,6.0,3.0,8.0198,76.2458,11.883346626984128,15.556187091563975,23.05488809523809,25.789552376850903,27.439533718548105,-2.734664281612808
2020-06-04,32.79,34.2727,4.5218,12.9584,12.753,1.9256,2.4604,13576160760.3,9.4335,45.5867,6.0,3.0,8.0198,76.2458,11.852019246031746,15.555080038988237,23.04277142857143,25.79796365523093,27.40709928501998,-2.7551922266595
2020-06-05,34.98,34.2727,-2.022,13.8239,12.753,2.0542,2.4582,14482894278.6,9.4335,45.5867,6.0,3.0,8.0198,76.2458,11.80885634920635,15.563350486767147,22.98733333333333,25.844589485943843,27.3722068359735,-2.8572561526105105
2020-06-08,35.65,34.2727,-3.8634,14.0887,12.7519,2.0936,2.4571,14760296770.5,9.4335,45.5867,6.0,3.0,8.0198,76.2458,11.763524603174602,15.57567921933958,22.9231261904762,25.9015569860012,27.339203822514182,-2.978430795525007
2020-06-09,34.38,34.9091,1.539,13.5868,12.7522,2.019,2.456,14234474136.6,9.4335,45.5867,6.0,3.0,8.0198,76.2458,11.728998611111113,15.579025367831852,22.89837857142857,25.920631383157627,27.308023978942963,-3.022252811729057
2020-06-10,32.86,35.4545,7.8956,13.0257,12.753,1.9297,2.4548,13605143110.2,9.4335,48.313,6.0,3.0,8.0198,76.2458,11.714559325396827,15.579199475582564,22.929891269841267,25.89978541360067,27.29375880097939,-2.9698941437594044
2020-06-11,30.3,35.4545,17.0116,12.0109,12.7519,1.7794,2.4548,12545217171.0,9.4335,48.313,6.0,3.0,8.0198,76.2458,11.717935317460316,15.580164500047202,23.027942063492063,25.85339964111597,27.29809981750752,-2.825457577623908
2020-06-12,30.61,35.4545,15.8265,12.1338,12.7498,1.7976,2.4547,12673567577.7,9.4335,48.313,6.0,3.0,8.0198,76.2458,11.717969047619048,15.580173394058882,23.11375238095238,25.81104095627205,27.29814244167793,-2.697288575319668
2020-06-15,30.93,35.4545,14.6282,12.2607,12.7405,1.8164,2.4535,12806058320.1,9.4335,48.313,6.0,3.0,8.0198,76.2458,11.71403888888889,15.57918696080884,23.20285634920635,25.76177710670593,27.293225849697727,-2.5589207574995854
2020-06-16,31.22,35.4545,13.5634,12.3756,12.7378,1.8334,2.4535,12926128055.4,9.4335,48.313,6.0,3.0,8.0198,76.2458,11.703888888888889,15.57630636249829,23.282353174603177,25.716050589708143,27.280195251387177,-2.433697415104966
2020-06-17,30.71,35.4545,15.4494,12.1735,12.7345,1.8035,2.4535,12714970934.7,9.4335,48.313,6.0,3.0,8.0198,76.2458,11.697425,15.574070139540966,23.3828753968254,25.659975108470164,27.271495139540967,-2.277099711644769
2020-06-18,30.55,35.4545,16.054,12.11,12.7311,1.7941,2.4532,12648725563.5,9.4335,48.313,6.0,3.0,8.0198,76.2458,11.691721230158729,15.571942790925675,23.498914285714285,25.592891747910645,27.2636640210844,-2.09397746219636
2020-06-19,29.33,35.4545,20.8814,11.6264,12.7266,1.7224,2.4521,12143604608.1,9.4335,48.313,6.0,3.0,8.0198,76.2458,11.696647817460317,15.574461417749156,23.647942063492064,25.521883923909204,27.271109235209472,-1.8739418604171405
2020-06-22,29.71,35.4545,19.3352,11.7771,12.7116,1.7447,2.4505,12300937364.7,9.4335,48.313,6.0,3.0,8.0198,76.2458,11.699462896825397,15.57571604448034,23.78641746031746,25.45010459301123,27.27517894130573,-1.66368713269377
2020-06-23,29.56,35.4545,19.9408,11.7427,12.7084,1.7359,2.4503,12238832329.2,9.4335,48.2098,6.0,3.0,8.0198,76.2458,11.697203174603176,15.574435018780749,23.934246825396823,25.37250750576041,27.27163819338392,-1.4382606803635871
2020-06-24,28.45,35.4545,24.6204,11.3356,12.7053,1.6707,2.4501,11779255066.5,9.4335,47.8939,6.0,3.0,7.615,74.6252,11.705524603174602,15.580227656423812,24.107748412698413,25.301195605971586,27.28575225959841,-1.1934471932731725
2020-06-25,28.88,35.4545,22.7649,11.5069,12.7021,1.696,2.4498,11957289501.6,9.4335,47.8939,6.0,3.0,7.615,74.6252,11.711331944444444,15.583810036017471,24.26535873015873,25.22981910756004,27.29514198046192,-0.964460377401302
2020-06-26,27.7,35.4545,27.9946,10.9525,12.7011,1.5329,2.4491,11468729889.0,11.6206,48.352,7.0,3.0,7.615,74.6252,11.72571488095238,15.59550551955191,24.467766666666662,25.155930145633626,27.32122040050429,-0.6881634789669562
2020-06-29,28.37,35.4545,24.9718,11.2174,12.688,1.57,2.4489,11746132380.9,11.6206,48.352,7.0,3.0,7.615,74.6252,11.732823611111112,15.6007346646699,24.653446825396824,25.07181432860949,27.33355827578101,-0.4183675032126714
2020-06-30,28.65,35.4545,23.7504,11.3281,12.6876,1.5855,2.4489,11862061780.5,11.6206,48.6545,7.0,3.0,7.615,80.1685,11.738667460317462,15.604690922927368,24.83264047619048,24.98317441137749,27.34335838324483,-0.1505339351870169
2020-07-01,28.15,35.4545,25.9485,11.1287,12.6871,1.5578,2.4488,11655044995.5,11.6206,48.6639,7.0,3.0,7.615,80.1685,11.751735119047618,15.613842848511965,25.0322746031746,24.88988093733492,27.36557796755958,0.1423936658396805
2020-07-02,28.09,35.4545,26.2175,11.105,12.6806,1.5545,2.4471,11630202981.3,11.6206,48.6639,7.0,3.0,7.615,80.1685,11.766848214285714,15.624168092128611,25.24344444444445,24.78511985068313,27.391016306414325,0.4583245937613078
2020-07-06,28.5,35.4545,24.4018,11.2329,12.6574,1.5694,2.4464,11799956745.0,11.619,49.127,7.0,3.0,7.615,80.1685,11.779295833333332,15.63174341418514,25.42239365079365,24.696135322945526,27.41103924751848,0.7262583278481287
2020-07-07,27.51,35.4545,28.8786,10.8427,12.6478,1.5149,2.4464,11390063510.7,11.619,49.0324,7.0,3.0,7.615,80.1685,11.802105555555556,15.648314550033424,25.63722380952381,24.606661303464698,27.45042010558898,1.0305625060591126
2020-07-08,27.65,35.4545,28.226,10.8991,12.6429,1.5226,2.446,11448028210.5,11.619,49.0253,7.0,3.0,7.615,80.1685,11.828224603174604,15.664744128971671,25.84013492063492,24.520929339501983,27.49296873214628,1.3192055811329375
2020-07-09,27.04,35.1818,30.1102,10.6608,12.6281,1.4846,2.4451,11195467732.8,11.8114,49.1186,7.0,3.0,7.615,80.1685,11.863075396825396,15.685867635876823,26.049800793650792,24.44285824385515,27.54894303270222,1.6069425497956438
2020-07-10,28.23,35.1818,24.6256,11.0923,12.6132,1.5464,2.4444,11688167681.1,11.8128,49.3008,7.0,3.0,7.615,80.1685,11.890006944444444,15.696121507066117,26.232359523809524,24.34466432280936,27.58612845151056,1.8876952010001664
2020-07-13,28.29,34.9091,23.3973,11.1006,12.6008,1.5497,2.4432,11713009695.3,11.8125,54.7793,7.0,3.0,7.615,80.1685,11.912929761904762,15.70448839483432,26.40387301587301,24.246990906249465,27.61741815673908,2.156882109623549
2020-07-14,28.9,34.9091,20.7927,11.3677,12.597,1.5831,2.4429,11965570173.0,12.2037,61.2835,7.0,3.0,8.1848,80.1685,11.931000992063492,15.709464826587563,26.55767380952381,24.148469437882536,27.64046581865106,2.4092043716412697
2020-07-15,30.34,35.0909,15.6589,11.9069,12.5934,1.6598,2.4418,12561778513.8,12.3108,68.8557,8.0,3.0,8.1842,80.1685,11.941614087301586,15.710174294916008,26.67036111111112,24.06339579037659,27.6517883822176,2.606965320734524
2020-07-16,30.82,35.4545,15.0373,12.0863,12.5817,1.6861,2.4405,12760514627.4,12.3108,72.0884,8.0,3.0,8.1842,80.1685,11.95176111111111,15.710519598171407,26.785061904761907,23.97233430048512,27.66228070928252,2.8127276042767875
2020-07-17,30.69,35.4545,15.5246,12.0528,12.572,1.679,2.4396,12706690263.3,12.3088,81.1839,8.0,3.0,8.1842,138.3687,11.96156746031746,15.71120551563897,26.912766666666663,23.86809637646367,27.672772975956427,3.044670290202994
2020-07-20,30.04,35.4545,18.0243,11.7961,12.5683,1.6435,2.4378,12437568442.8,12.3088,80.5071,7.0,3.0,8.1842,138.3687,11.980805158730158,15.712684112482526,27.07096746031746,23.74125695434618,27.693489271212684,3.3297105059712777
2020-07-21,30.43,35.4545,16.5117,11.9493,12.5673,1.6648,2.4376,12599041535.1,12.3088,80.5071,7.0,3.0,8.1842,138.3687,11.997486309523808,15.713023342145387,27.22222777777778,23.61140327733404,27.710509651669195,3.610824500443744
2020-07-22,30.74,35.4545,15.3367,12.071,12.5662,1.6817,2.4375,12727391941.8,12.3088,80.5071,7.0,3.0,8.1842,138.3687,12.01213134920635,15.712688392514105,27.369774603174605,23.47713878355682,27.72481974172045,3.892635819617784
2020-07-23,31.19,35.4545,13.6727,12.2477,12.5563,1.7064,2.4373,12913707048.3,12.3088,80.5071,7.0,3.0,8.1842,138.3687,12.023400992063491,15.711836748196143,27.500041269841265,23.35394179413234,27.735237740259635,4.146099475708926
2020-07-24,30.85,35.4545,14.9254,12.1142,12.5528,1.6878,2.4361,12772935634.5,12.3088,80.5071,7.0,3.0,8.1842,138.3687,12.037818253968252,15.711157863992709,27.63596111111111,23.22920512926763,27.74897611796096,4.406755981843482
2020-07-27,30.13,35.4545,17.6718,11.8315,12.5472,1.6484,2.4346,12474831464.1,12.3088,80.5071,7.0,3.0,8.1842,138.3687,12.060363888888888,15.711073330391134,27.786011904761903,23.101936655553686,27.771437219280024,4.684075249208217
2020-07-28,30.1,35.4545,17.789,11.8197,12.5436,1.6467,2.4345,12462410457.0,12.3088,80.5071,7.0,3.0,8.1842,138.3687,12.08665753968254,15.709546419293671,27.93892301587302,22.970077597898182,27.79620395897621,4.968845417974837
2020-07-29,30.86,35.4545,14.8882,12.1181,12.5401,1.6642,2.4344,12594573355.66,12.3088,80.5071,7.0,3.0,8.1842,138.3687,12.108159126984129,15.705942460000752,28.059421428571422,22.8603443810861,27.81410158698488,5.199077047485325
2020-07-30,31.11,36.0,15.7184,12.0274,12.5361,1.6282,2.4344,12696603275.91,12.6151,53.7938,7.0,3.0,8.1842,138.3687,12.132668849206349,15.701910151398328,28.19273492063492,22.73770897838321,27.83457900060468,5.455025942251705
2020-07-31,30.75,36.1818,17.6644,11.7803,12.5312,1.6022,2.4344,12549680190.75,13.0796,44.8615,7.0,3.0,8.1842,138.3687,12.162516071428572,15.698091460089763,28.33580396825397,22.61297025201028,27.860607531518333,5.722833716243684
2020-08-03,30.95,36.2727,17.1977,11.8888,12.5254,1.6126,2.4336,12631304126.95,13.0796,38.7227,7.0,3.0,8.2008,138.3687,12.1819998015873,15.698235149887788,28.484372222222223,22.476315834718555,27.88023495147509,6.008056387503668
2020-08-04,30.37,36.2727,19.436,11.666,12.5247,1.5824,2.4335,12394594711.97,13.0796,38.7227,7.0,3.0,8.2008,138.3687,12.205782738095238,15.700130750775628,28.654014285714283,22.32501165110988,27.905913488870866,6.3290026346044
2020-08-05,30.82,36.4545,18.282,11.8044,12.5154,1.6421,2.4334,12578248568.42,11.6765,35.6245,7.0,3.0,8.2008,138.3687,12.224301388888888,15.701785582279056,28.828966666666663,22.15467304216602,27.926086971167944,6.674293624500645
2020-08-06,31.32,36.4545,16.3937,11.9959,12.5011,1.6687,2.433,12782308408.92,11.6765,35.6245,7.0,3.0,8.2008,138.3687,12.240150396825396,15.70195501237649,28.99301825396825,21.98343835578188,27.942105409201886,7.009579898186377
2020-08-07,32.49,36.4545,12.2022,12.444,12.4934,1.731,2.4328,13259808435.69,11.6765,35.6245,7.0,3.0,8.2008,138.3687,12.24839484126984,15.700839808087254,29.123968253968258,21.83217031430686,27.94923464935709,7.291797939661395
2020-08-10,32.73,36.4545,11.3795,12.5359,12.4872,1.7438,2.4326,13357757159.13,11.6765,35.6245,7.0,3.0,8.2008,138.3687,12.255643650793653,15.699591097514102,29.25861825396825,21.668083368857104,27.95523474830776,7.5905348851111505
2020-08-11,32.85,36.5455,11.2496,12.5819,12.4907,1.7502,2.4326,13406731520.85,11.6765,32.6447,7.0,3.0,8.2008,138.3687,12.263083928571428,15.698221209585776,29.407458730158726,21.47710424624048,27.9613051381572,7.930354483918247
2020-08-12,32.6,36.5455,12.1028,12.4861,12.4884,1.7369,2.4326,13304701600.6,11.6765,32.6447,7.0,3.0,8.2008,138.3687,12.271370238095235,15.69702977720017,29.51262380952381,21.35840302730676,27.96840001529541,8.154220782217056
2020-08-13,32.36,36.5455,12.9342,12.3942,12.4849,1.7241,2.432,13206752877.16,11.6765,32.6447,7.0,3.0,8.2008,138.3687,12.28045238095238,15.696084533800162,29.63734523809524,21.213712145340683,27.976536914752543,8.423633092754557
2020-08-14,32.25,36.5455,13.3194,12.3521,12.4799,1.7183,2.432,13161859712.25,11.6765,32.6447,7.0,3.0,8.2008,138.3687,12.291506150793651,15.694848117023712,29.744664285714283,21.09541898185651,27.98635426781736,8.649245303857771
2020-08-17,31.76,36.5455,15.0677,12.1644,12.4643,1.6921,2.4298,12961881068.56,11.6765,32.6447,7.0,3.0,8.2008,138.3687,12.305958134920637,15.694042693074987,29.869331746031747,20.960398968067896,28.000000827995624,8.908932777963852
2020-08-18,31.58,36.5455,15.7236,12.0954,12.4569,1.6826,2.4298,12888419525.98,11.6765,32.6447,7.0,3.0,8.2008,138.3687,12.323046031746031,15.693063997700644,29.99983333333333,20.819138066719223,28.016110029446672,9.180695266614103
2020-08-19,31.4,36.7273,16.9659,12.0265,12.4504,1.673,2.4297,12814957983.4,11.6765,32.6447,7.0,3.0,8.2008,138.3687,12.34384761904762,15.692254399456132,30.13558809523809,20.676317606233823,28.03610201850375,9.459270489004272
2020-08-20,31.4,36.7273,16.9659,12.0288,12.4426,1.673,2.4282,12814957983.4,11.6765,32.6616,7.0,3.0,8.2008,138.3687,12.364026587301588,15.691644762043842,30.25822380952381,20.55064041253572,28.05567134934543,9.707583396988092
2020-08-21,30.9,36.7273,18.8586,11.8373,12.4406,1.6463,2.4278,12610898142.9,11.6765,32.6616,7.0,3.0,8.2008,138.3687,12.389271031746032,15.691838764669214,30.369937301587303,20.449054611371032,28.081109796415248,9.92088269021627
2020-08-24,31.95,36.7273,14.9524,12.2395,12.4318,1.7023,2.4267,13039423807.95,11.6765,32.6616,7.0,3.0,8.2008,138.3687,12.403987896825395,15.690755329524638,30.42704444444444,20.3953758285256,28.09474322635004,10.03166861591884
2020-08-25,31.47,36.7273,16.7058,12.0556,12.4317,1.6767,2.4267,12843526361.07,11.6765,32.6616,7.0,3.0,8.2008,138.3687,12.423927976190477,15.689821867182784,30.48714047619048,20.34322105796685,28.113749843373263,10.14391941822362
2020-08-26,31.39,36.7273,17.0032,12.025,12.4295,1.6724,2.4267,12810876786.59,11.6765,32.6616,7.0,3.0,8.2008,138.3687,12.44644623015873,15.68823043959738,30.520807142857144,20.317144533159823,28.13467666975611,10.203662609697322
2020-08-27,32.31,36.7273,13.6716,12.3774,12.4182,1.7214,2.4259,13186346893.11,11.6765,32.6616,7.0,3.0,8.2008,138.3687,12.464171626984127,15.684550108719424,30.48071111111111,20.34557774513255,28.14872173570356,10.135133365978556
2020-08-28,32.27,36.7273,13.8125,12.3621,12.409,1.7193,2.4253,13170022105.87,11.6765,32.6616,7.0,3.0,8.2008,138.3687,12.480494841269842,15.681657894633046,30.48062380952381,20.345649815444723,28.16215273590289,10.134973994079086
2020-08-31,31.54,36.7273,16.4467,12.0824,12.4004,1.6804,2.4247,12872094738.74,11.6765,32.6616,7.0,3.0,8.2008,138.3687,12.50190892857143,15.679686303819414,30.482559523809524,20.34429209271696,28.181595232390844,10.138267431092562
2020-09-01,31.6,36.7273,16.2256,12.1054,12.3942,1.6836,2.4237,12896581919.6,11.6765,32.6616,7.0,3.0,8.2008,138.3687,12.521034523809524,15.67833508359346,30.513996031746032,20.31896058756308,28.199369607402986,10.19503544418296
2020-09-02,32.13,37.3636,16.2888,12.1424,12.3934,1.7119,2.4227,13112885350.53,11.6765,33.2619,7.0,3.0,8.2008,138.3687,12.540077976190476,15.677068441257106,30.50459841269841,20.32531324404706,28.21714641744758,10.17928516865135
2020-09-03,32.12,37.3636,16.325,12.1395,12.3904,1.7113,2.4224,13108804153.72,11.6765,33.2494,7.0,3.0,8.2008,111.7327,12.559331746031743,15.675743464281238,30.48472142857143,20.33804279961507,28.235075210312985,10.14667862895636
2020-09-04,31.87,37.3636,17.2375,12.0451,12.3864,1.698,2.4191,13006774233.47,11.6765,33.2494,7.0,3.0,8.2008,111.7327,12.580396031746032,15.67488097135753,30.36787063492063,20.37176242942196,28.25527700310356,9.996108205498672
2020-09-08,31.0,37.3636,20.5277,11.7162,12.3804,1.6517,2.4171,12651710111.0,11.6765,33.2494,7.0,3.0,8.2008,111.7327,12.606385714285716,15.677181611439144,30.3098,20.389433582421983,28.28356732572486,9.920366417578016
2020-09-09,31.55,37.3636,18.4266,11.9241,12.3774,1.681,2.4164,12876175935.55,11.6765,33.2494,7.0,3.0,8.2008,111.7327,12.627643452380951,15.677796578180098,30.17991111111111,20.412763538794863,28.30544003056105,9.767147572316247
2020-09-10,31.16,37.3636,19.9089,11.7767,12.3756,1.6602,2.4155,12717009259.96,11.6765,33.2494,7.0,3.0,8.2008,111.7327,12.65042123015873,15.680023535521816,29.880466666666667,20.283059723996217,28.330444765680543,9.59740694267045
2020-09-11,30.73,37.3636,21.5867,11.6142,12.375,1.6373,2.4138,12541517797.13,11.6765,33.2494,7.0,3.0,8.2008,111.7327,12.677595634920635,15.6836259195124,29.6829373015873,20.241302818736617,28.36122155443304,9.441634482850684
2020-09-14,31.04,37.3636,20.3724,11.7314,12.3692,1.6538,2.4118,12668034898.24,11.6765,33.2494,7.0,3.0,8.2008,111.7327,12.700719444444443,15.686367654081817,29.239769841269844,19.82136733142396,28.387087098526266,9.41840250984589
2020-09-15,30.29,37.3636,23.3529,11.4479,12.3687,1.6138,2.4116,12361945137.49,11.6765,33.2494,7.0,3.0,8.2008,111.7327,12.732244444444444,15.691787841855549,28.95816428571428,19.648836932164507,28.42403228629999,9.309327353549776
2020-09-16,30.61,37.3636,22.0634,11.5688,12.3682,1.6309,2.4112,12492543435.41,11.6765,33.2494,7.0,3.0,8.2008,111.7327,12.761561706349209,15.695397730365904,28.541136507936507,19.225240548518872,28.45695943671511,9.315895959417634
2020-09-17,30.42,37.3636,22.8258,11.497,12.3659,1.6208,2.4106,12415000696.02,11.6765,33.554,8.0,3.0,8.2008,111.7327,12.79083988095238,15.700390254872158,28.108138095238093,18.724249444862,28.491230135824537,9.383888650376091
2020-09-18,29.48,37.3636,26.7422,11.1418,12.3621,1.5707,2.4104,12031368195.88,11.6765,33.554,8.0,3.0,8.2008,111.7327,12.828314087301589,15.711122674451673,27.64713492063492,18.0183387985832,28.53943676175325,9.628796122051725
2020-09-21,28.89,37.3636,29.3306,10.9188,12.3567,1.5392,2.4091,11790577584.09,11.6765,33.554,8.0,3.0,8.2008,111.7327,12.870285317460317,15.72691970932139,27.03576746031746,16.575194472125226,28.597205026781708,10.460572988192231
2020-09-22,29.0,37.3636,28.84,10.9604,12.3544,1.5451,2.409,11835470749.0,11.6765,33.554,8.0,3.0,8.2008,111.7327,12.911780357142858,15.741432884072784,26.570211904761905,15.661968285793938,28.65321324121564,10.908243618967967
2020-09-23,27.93,37.3636,33.7759,10.556,12.3521,1.4881,2.4087,11398782690.33,11.6765,33.554,8.0,3.0,8.2008,111.7327,12.962926984126984,15.7672926020958,26.20687777777778,14.937188772011291,28.730219586222784,11.269689005766487
2020-09-24,28.14,37.3636,32.7775,10.6353,12.3496,1.4993,2.408,11484487823.34,11.6765,33.554,8.0,3.0,8.2008,111.7327,13.01001507936508,15.790988884815546,26.02533809523809,14.713799186129162,28.801003964180627,11.311538909108933
2020-09-25,28.45,37.3636,31.3308,10.7525,12.3426,1.5158,2.4075,11611004924.45,11.6765,33.554,8.0,3.0,8.2008,111.7327,13.052335515873017,15.811478019370794,25.80681984126984,14.423795041572149,28.863813535243807,11.383024799697692
2020-09-28,29.26,37.3636,27.6951,11.0586,12.3216,1.5589,2.4042,11941581866.06,11.6765,33.554,8.0,3.0,8.2008,111.7327,13.08655515873016,15.824488847592118,25.62013492063492,14.243373107352378,28.91104400632228,11.37676181328254
2020-09-29,28.87,37.3636,29.4202,10.9112,12.3146,1.5382,2.4023,11782415190.47,11.6765,33.554,8.0,3.0,8.2008,111.7327,13.124642063492065,15.840678684647154,25.394919841269843,13.951885686355135,28.965320748139217,11.443034154914708
2020-09-30,29.25,37.3636,27.7388,11.0548,12.3102,1.5584,2.4022,11937500669.25,11.6765,33.554,8.0,3.0,8.2008,111.7327,13.161006944444445,15.85316865924601,25.11379126984127,13.535478727196958,29.01417560369045,11.57831254264431
2020-10-01,29.4,37.3636,27.0871,11.1115,12.3058,1.5664,2.4017,11998718621.4,11.6765,33.554,8.0,3.0,8.2008,111.7327,13.192375396825398,15.8650709345054,24.84225,13.141146263164345,29.0574463313308,11.701103736835655
2020-10-02,29.7,37.3636,25.8034,11.2236,12.303,1.5824,2.4009,12121154525.7,11.6765,33.5381,8.0,3.0,8.2008,111.7327,13.222171825396826,15.87464181526818,24.473326984126984,12.431868594610558,29.096813640665005,12.041458389516428
2020-10-05,30.64,37.3636,21.9439,11.5623,12.2884,1.6325,2.3999,12504787025.84,11.6765,34.0004,8.0,3.0,8.2008,111.7327,13.243184722222225,15.87917180117893,24.196193650793653,12.088529752546322,29.12235652340115,12.107663898247331
2020-10-06,30.18,37.3636,23.8025,11.3887,12.2834,1.608,2.3998,12317051972.58,11.6765,34.0004,8.0,3.0,8.2008,111.7327,13.265213293650795,15.886116352761633,24.00877301587301,11.90733183718604,29.151329646412428,12.101441178686974
2020-10-07,30.24,37.5455,24.1584,11.4135,12.2816,1.608,2.3996,12341539153.44,11.6424,32.1812,8.0,3.0,8.2081,111.7327,13.286156746031748,15.893518621015744,23.857208730158728,11.781259825814956,29.17967536704749,12.075948904343772
2020-10-08,31.5,37.6364,19.4806,11.8194,12.2774,1.675,2.3993,12855769951.5,11.6441,31.2768,8.0,3.0,8.2081,111.7327,13.298912698412698,15.895909734534422,23.77116111111112,11.773251335748926,29.19482243294712,11.997909775362189
2020-10-09,31.53,38.0,20.5201,11.8374,12.2686,1.6684,2.3993,12868013541.93,12.035,30.9504,7.0,3.0,8.2133,111.7327,13.313886507936507,15.899156578976108,23.690111111111108,11.7600897008158,29.213043086912617,11.930021410295309
2020-10-12,31.71,38.0,19.836,11.9054,12.2612,1.6995,2.3986,12941475084.51,10.2288,32.6703,8.0,3.0,8.2081,111.7327,13.321278571428572,15.901325290678662,23.634542857142858,11.761640069605384,29.222603862107235,11.872902787537477
2020-10-13,30.81,37.7,22.3629,11.5545,12.2607,1.6517,2.3986,12574167371.61,10.2266,33.8183,8.0,3.0,8.2081,122.0118,13.32719126984127,15.904137493971804,23.540704761904763,11.723885333037655,29.231328763813075,11.816819428867106
2020-10-14,30.46,37.6,23.4406,11.4232,12.2572,1.6329,2.3983,12431325483.26,10.2266,33.318,8.0,3.0,8.2081,122.0118,13.334197222222222,15.907820180440572,23.420846031746034,11.646226149853971,29.2420174026628,11.774619881892065
2020-10-15,30.89,37.6,21.7222,11.5485,12.2517,1.656,2.3976,12606816946.09,10.2266,34.2006,8.0,3.0,8.2081,122.0118,13.33918511904762,15.910059626001992,23.31407777777778,11.59917647854625,29.24924474504961,11.71490129923153
2020-10-16,30.85,37.6,21.8801,11.534,12.2487,1.6538,2.3968,12590492158.85,10.2266,34.9657,8.0,3.0,8.2081,122.0118,13.349230357142856,15.913857805039497,23.21426190476191,11.556556689075492,29.26308816218236,11.657705215686416
2020-10-19,29.89,37.6,25.7946,11.1751,12.2433,1.6024,2.3963,12198697265.09,10.2266,34.9657,8.0,3.0,8.2081,122.0118,13.368116666666666,15.92298373761243,23.08601825396825,11.435972948113443,29.291100404279096,11.650045305854809
2020-10-20,30.26,37.6,24.2564,11.3134,12.2395,1.6222,2.3959,12349701547.06,10.2266,34.9657,8.0,3.0,8.2081,122.0118,13.380359126984128,15.92898933073544,22.927920634920635,11.27868369754774,29.309348457719565,11.649236937372894
2020-10-21,30.86,37.6,21.8406,11.5377,12.2318,1.6544,2.3955,12594573355.66,10.2266,34.9657,8.0,3.0,8.2081,122.0118,13.388569444444444,15.932287671047757,22.72046349206349,11.052323180838266,29.3208571154922,11.668140311225228
2020-10-22,31.68,37.6,18.6869,11.8443,12.2044,1.6983,2.3949,12929231494.08,10.2266,34.9657,8.0,3.0,8.2081,122.0118,13.38788015873016,15.932050444773076,22.457174603174604,10.743399012550372,29.31993060350324,11.713775590624232
2020-10-23,31.81,37.6,18.2018,11.8929,12.1792,1.7053,2.3941,12982287052.61,10.2266,34.9657,8.0,3.0,8.2081,122.0118,13.38237380952381,15.929901749560296,22.239419841269843,10.546020691927437,29.312275559084107,11.693399149342406
2020-10-26,30.48,37.6,23.3596,11.3957,12.1698,1.634,2.3922,12439487876.88,10.2266,34.9657,8.0,3.0,8.2081,122.0118,13.379760714285714,15.928153316447274,22.06726984126984,10.34581824370222,29.307914030732988,11.721451597567622
2020-10-27,29.21,37.6,28.723,10.9209,12.1698,1.5659,2.3921,11921175882.01,10.2266,34.9657,8.0,3.0,8.2081,122.0118,13.391606547619048,15.93735527860621,21.975039682539684,10.232764030677693,29.32896182622526,11.742275651861991
2020-10-28,29.45,37.6,27.674,11.0106,12.1671,1.5788,2.392,12019124605.45,10.2266,34.9657,8.0,3.0,8.2081,122.0118,13.402556746031747,15.945282433037605,21.80263809523809,9.946043889377105,29.34783917906936,11.85659420586099
2020-10-29,30.43,37.6,23.5623,11.377,12.164,1.6356,2.3919,12451793412.51,10.2266,34.9657,8.0,3.0,8.2081,122.0118,13.405982738095238,15.947283326173386,21.550402380952384,9.48073018410253,29.353266064268624,12.069672196849854
2020-10-30,30.21,38.0,25.7862,11.1794,12.1592,1.5969,2.3916,12361770587.97,10.4585,31.4051,9.0,3.0,8.7559,122.0118,13.421430158730155,15.955511481990516,21.35156031746032,9.117277081656082,29.37694164072068,12.234283235804236
2020-11-02,31.37,38.1,21.4536,11.5212,12.153,1.6543,2.39,12836436390.09,10.6435,29.1018,9.0,3.0,8.7559,122.0118,13.434305555555554,15.959376847685808,21.16879603174604,8.877558998025453,29.39368240324136,12.29123703372058
2020-11-03,31.91,38.1,19.3983,11.7196,12.1517,1.6828,2.3898,13057401504.87,10.6435,29.1018,9.0,3.0,8.7559,122.0118,13.44617896825397,15.961587686411638,20.95405238095238,8.583362149094775,29.407766654665608,12.370690231857605
2020-11-04,31.98,38.1,19.137,11.7453,12.1484,1.6865,2.3897,13086045130.86,10.6435,29.1018,9.0,3.0,8.7559,122.0118,13.451691071428572,15.963075171168525,20.797915873015874,8.433576318325732,29.414766242597096,12.364339554690142
2020-11-05,31.91,38.1,19.3983,11.7196,12.1438,1.6828,2.3888,13057401504.87,10.6435,29.1018,9.0,3.0,8.7559,122.0118,13.45715972222222,15.964642352806596,20.7117873015873,8.39157867534328,29.42180207502881,12.32020862624402
2020-11-06,31.55,38.1,20.7607,11.5873,12.142,1.6638,2.3878,12910091428.35,10.6435,29.1018,9.0,3.0,8.7559,122.0118,13.465746626984126,15.967409754126406,20.60823412698413,8.3087684192463,29.43315638111053,12.299465707737829
2020-11-09,34.44,38.1,10.6272,12.6487,12.1406,1.8162,2.3856,14092663987.08,10.6435,29.1018,9.0,3.0,8.7559,122.0118,13.456524404761904,15.967704858000909,20.351961904761907,8.110781304953044,29.42422926276281,12.241180599808864
2020-11-10,35.22,38.1,8.1772,12.9352,12.1416,1.8573,2.3851,14411835819.54,10.6435,29.1018,9.0,3.0,8.7559,122.0118,13.443974007936507,15.969366774646996,20.00433333333333,7.671173763830323,29.413340782583504,12.333159569503012
2020-11-11,34.73,38.3,10.2793,12.6581,12.142,1.8073,2.3846,14211330437.61,11.4172,28.5494,9.0,3.0,8.7559,122.0118,13.435594444444444,15.96991821126836,19.70558809523809,7.299228920828272,29.405512655712805,12.40635917440982
2020-11-12,33.73,38.3,13.5488,12.2388,12.142,1.7553,2.3841,13802135780.61,11.4172,28.2865,9.0,3.0,8.7559,122.0118,13.430944246031748,15.969542595834271,19.43943253968254,6.893024803040493,29.40048684186602,12.546407736642044
2020-11-13,34.15,38.3,12.1523,12.3911,12.142,1.7771,2.3839,13973997536.55,11.4172,28.2865,9.0,3.0,8.7559,122.0118,13.424666666666669,15.969421893457884,19.238097619047625,6.729216098494166,29.39408856012455,12.508881520553455
2020-11-16,35.3,38.3,8.4986,12.8084,12.1406,1.837,2.3815,14444571392.1,11.4172,28.2865,9.0,3.0,8.7559,122.0118,13.408458928571427,15.970269606009392,19.004169047619047,6.583443705252827,29.378728534580823,12.420725342366222
2020-11-17,35.24,38.3,8.6833,12.7866,12.1416,1.8338,2.381,14420019712.68,11.4172,28.2865,9.0,3.0,8.7559,122.0118,13.395971428571428,15.971501234160174,18.86495238095238,6.61492860186662,29.3674726627316,12.250023779085762
2020-11-18,34.89,39.1,12.0665,12.5346,12.142,1.8156,2.3805,14276801582.73,11.4172,28.8744,9.0,3.0,8.7559,116.0714,13.38987361111111,15.971420810874944,18.785796825396822,6.636268817640575,29.36129442198605,12.14952800775625
2020-11-19,34.87,39.1,12.1308,12.5274,12.142,1.8146,2.3805,14268617689.59,11.4172,28.8744,9.0,3.0,8.7559,116.0714,13.383822619047615,15.971318768800405,18.722221428571427,6.661501512825464,29.355141387848025,12.060719915745963
2020-11-20,33.97,39.1,15.1016,12.2041,12.142,1.7678,2.3802,13900342498.29,11.4172,28.8744,9.0,3.0,8.7559,116.0714,13.38096488095238,15.970881422583131,18.717586507936502,6.663833985751394,29.35184630353552,12.053752522185112
2020-11-23,33.99,39.1,15.0338,12.2112,12.1406,1.7688,2.3768,13908526391.43,11.4172,28.8744,9.0,3.0,8.7559,116.0714,13.378633333333331,15.97055353043434,18.72867698412698,6.656468584817691,29.34918686376767,12.07220839930929
2020-11-24,34.55,39.1,13.1693,12.4124,12.1416,1.7979,2.374,14137675399.35,11.4172,28.8744,9.0,3.0,8.7559,116.0714,13.37260238095238,15.970056526974014,18.697640476190475,6.6733131730039,29.3426589079264,12.024327303186576
2020-11-25,33.55,39.1,16.5425,12.0532,12.1406,1.7459,2.374,13728480742.35,11.4172,28.8744,9.0,3.0,8.7559,116.0714,13.374574206349203,15.970387093151446,18.666375396825394,6.674115054982844,29.344961299500653,11.99226034184255
2020-11-27,33.03,39.1,18.3772,11.8664,12.138,1.7188,2.3739,13515699520.71,11.4172,28.8744,9.0,3.0,8.7559,116.0714,13.377800793650792,15.971234860334846,18.67115,6.673687880082406,29.34903565398564,11.997462119917593
2020-11-30,32.2,39.1,21.4286,11.5682,12.1349,1.6756,2.3733,13176067955.4,11.4172,28.8744,9.0,3.0,8.7559,116.0714,13.391804365079365,15.975200897999114,18.739524603174605,6.65730574611296,29.36700526307848,12.082218857061644
2020-12-01,33.02,39.2,18.7159,11.8628,12.1349,1.7183,2.3732,13511607574.14,11.4172,28.8744,9.0,3.0,8.7559,116.0714,13.399865873015871,15.976863607288823,18.84089365079365,6.557395819533709,29.376729480304697,12.28349783125994
2020-12-02,33.11,39.4,18.9973,11.8951,12.1344,1.7435,2.373,13548435093.27,10.7468,28.8744,9.0,3.0,8.7559,116.0714,13.410393253968254,15.978804066581592,18.955778571428567,6.43008864327825,29.389197320549847,12.525689928150316
2020-12-03,32.59,39.4,20.896,11.7083,12.1324,1.7161,2.3726,13335653871.63,10.7468,28.8744,9.0,3.0,8.7559,116.0714,13.422860515873015,15.982194811353033,19.137667460317463,6.1499812883594585,29.405055327226048,12.987686171958003
2020-12-04,34.17,39.4,15.3058,12.2394,12.1324,1.7993,2.3724,13982181429.69,10.7468,29.1061,9.0,3.0,8.7559,116.0714,13.420573412698412,15.981842011633644,19.289803968253967,5.803792897523383,29.40241542433205,13.486011070730584
2020-12-07,33.25,39.4,18.4962,11.9099,12.131,1.7486,2.3702,13605722345.25,10.8631,28.9109,9.0,3.0,8.7559,116.0714,13.423034325396824,15.982529233231055,19.424384920634925,5.581224345450515,29.405563558627883,13.84316057518441
2020-12-08,33.18,39.4,18.7462,11.8848,12.131,1.7449,2.3697,13577078719.26,10.8631,28.9109,9.0,3.0,8.7559,116.0714,13.42590753968254,15.98335738982138,19.510500793650795,5.4847941025564575,29.40926492950392,14.02570669109434
2020-12-09,33.55,39.4,17.4367,12.0173,12.1269,1.7644,2.3693,13728480742.35,10.8631,28.9109,9.0,3.0,8.7559,116.0714,13.42474742063492,15.98304438890186,19.513874603174603,5.4833752406915,29.407791809536786,14.030499362483102
2020-12-10,34.27,39.4,14.9694,12.2752,12.131,1.8022,2.3689,14023100895.39,10.8631,28.9109,9.0,3.0,8.7559,116.0714,13.415294841269844,15.98071449869498,19.50707222222222,5.48851542143237,29.39600933996482,14.018556800789847
2020-12-11,33.75,39.4,16.7407,12.089,12.1228,1.7749,2.3682,13810319673.75,10.8631,28.9109,9.0,3.0,8.7559,116.0714,13.408832341269845,15.978705732175946,19.52383809523809,5.4767064515944135,29.38753807344579,14.04713164364368
2020-12-14,33.57,39.4,17.3667,12.0245,12.1142,1.7424,2.3668,13736664635.49,10.9267,28.9109,9.0,3.0,8.7559,116.0714,13.402467658730158,15.976484524566192,19.554023015873017,5.454026633439257,29.37895218329635,14.09999638243376
2020-12-15,34.93,39.4,12.797,12.5116,12.1162,1.8129,2.3664,14293169369.01,10.9267,28.9109,9.0,3.0,8.7559,116.0714,13.38534384920635,15.97249078485904,19.53297222222222,5.47507399737583,29.35783463406539,14.05789822484639
2020-12-16,35.4,39.4,11.2994,12.68,12.1181,1.8373,2.366,14485490857.8,10.9267,28.9109,9.0,3.0,8.7559,116.0714,13.361143452380952,15.96637961597518,19.495237301587306,5.515478915890822,29.327523068356133,13.979758385696485
2020-12-17,35.55,39.4,10.8298,12.7337,12.1181,1.8451,2.3658,14546870056.35,10.9267,28.9109,9.0,3.0,8.7559,116.0714,13.339486904761904,15.962387584747852,19.4154626984127,5.567714039463252,29.30187448950976,13.847748658949447
2020-12-18,34.43,39.4,14.4351,12.3325,12.1181,1.787,2.3653,14088572040.51,10.9267,28.9109,9.0,3.0,8.7559,116.0714,13.323819841269842,15.957418867684408,19.376573015873014,5.58536441806842,29.28123870895425,13.791208597804594
2020-12-21,34.37,39.4,14.6349,12.3111,12.1162,1.7839,2.3631,14064020361.09,10.9267,28.9109,9.0,3.0,8.7559,116.0714,13.303769642857144,15.949392423292416,19.334462698412697,5.601056070488512,29.25316206614956,13.733406627924186
2020-12-22,34.58,39.4,13.9387,12.3863,12.1181,1.7948,2.3623,14149951239.06,10.9267,28.9109,9.0,3.0,8.7559,116.0714,13.27894781746032,15.938625255987729,19.2496873015873,5.601247157324538,29.217573073448044,13.648440144262764
2020-12-23,35.08,39.4,12.3147,12.5654,12.1204,1.8207,2.3614,14354548567.56,10.9267,28.9109,9.0,3.0,8.7559,116.0714,13.24331626984127,15.920621867931002,19.1667492063492,5.626094079238111,29.16393813777227,13.54065512711109
2020-12-24,34.86,39.4,13.0235,12.4866,12.1204,1.8093,2.3589,14264525743.02,10.9267,28.9109,9.0,3.0,8.7559,116.0714,13.220259920634922,15.912490937318358,19.047930952380952,5.596174796962035,29.13275085795328,13.451756155418916
2020-12-28,35.33,39.4,11.52,12.6549,12.1142,1.8337,2.3533,14456847231.81,10.9267,28.9109,9.0,3.0,8.7559,116.0714,13.199997817460318,15.908132044136815,18.941170634920635,5.61055287561659,29.10812986159713,13.330617759304044
2020-12-29,35.3,39.4,11.6147,12.6442,12.1162,1.8321,2.3519,14444571392.1,10.9267,28.9109,9.0,3.0,8.7559,116.0714,13.178550793650793,15.90295730577377,18.84485555555556,5.631459903244246,29.08150809942456,13.213395652311313
2020-12-30,35.58,39.4,10.7364,12.7445,12.1162,1.8467,2.3506,14559145896.06,10.9267,28.9109,9.0,3.0,8.7559,116.0714,13.158360912698411,15.899578533171391,18.724124603174605,5.641004375827824,29.057939445869803,13.083120227346782
2020-12-31,36.07,40.0,10.8955,12.8185,12.1162,1.873,2.3471,14759651277.99,12.1346,28.8326,10.0,3.0,8.7559,116.0714,13.133631944444446,15.893372957416236,18.60252142857143,5.643325105298823,29.02700490186068,12.959196323272606
2021-01-04,34.9,40.0,14.6132,12.4027,12.11,1.8123,2.3419,14280893529.3,12.1346,28.8326,10.0,3.0,8.7559,116.0714,13.112978571428572,15.884653736953762,18.524834126984125,5.630213057498346,28.997632308382336,12.89462106948578
2021-01-05,35.04,40.0,14.1553,12.4538,12.1121,1.8195,2.3414,14338180781.28,12.1344,28.8267,10.0,3.0,8.7559,116.0714,13.097150595238096,15.879622051780538,18.40798253968254,5.566028604929331,28.976772647018635,12.841953934753208
2021-01-06,36.58,40.0,9.3494,13.0011,12.1142,1.8995,2.3406,14968340553.06,12.1344,28.8267,10.0,3.0,8.7559,116.0714,13.07123492063492,15.875049296408182,18.258168253968257,5.553680415935274,28.9462842170431,12.704487838032984
2021-01-07,36.24,40.8,12.5828,12.784,12.1142,1.8779,2.3389,14829214369.68,13.2919,28.8458,10.0,3.0,8.7559,116.0714,13.05265357142857,15.87011882653738,18.119061904761903,5.473369525969906,28.92277239796595,12.645692378791995
2021-01-08,36.44,40.9,12.2393,12.8283,12.1142,1.8883,2.3377,14911053301.08,13.2919,27.9427,10.0,3.0,8.7559,96.2994,13.036463690476191,15.866771262085756,18.02075793650793,5.466802126001581,28.90323495256195,12.553955810506352
2021-01-11,36.17,40.9,13.0771,12.7332,12.11,1.8743,2.3334,14800570743.69,13.2919,27.5781,10.0,3.0,8.7559,96.2994,13.02558253968254,15.864855297066876,17.93885158730159,5.462913468056799,28.890437836749417,12.47593811924479
2021-01-12,36.37,41.1,13.0052,12.8127,12.1121,1.8824,2.3315,14882409675.09,13.3768,26.974,10.0,3.0,8.7559,96.2994,13.010679166666668,15.861332022625032,17.877046031746033,5.474408169943399,28.872011189291698,12.402637861802637
2021-01-13,35.61,41.1,15.417,12.5449,12.1142,1.8431,2.3296,14571421735.77,13.3768,26.974,10.0,3.0,8.7559,96.2994,13.00260496031746,15.859064606618302,17.87512619047619,5.475234637268752,28.861669566935763,12.39989155320744
2021-01-14,35.22,41.1,16.6951,12.3173,12.1162,1.8229,2.3278,14411835819.54,13.3768,27.5597,10.0,3.0,8.7559,96.2994,13.002909722222222,15.85913422408233,17.88828333333333,5.470350397592362,28.86204394630456,12.417932935740968
2021-01-15,34.69,41.2727,18.9758,12.1141,12.1142,1.7955,2.3262,14194962651.33,13.3768,27.803,10.0,3.0,9.7955,96.2994,13.010062896825398,15.861017221742788,17.915673809523813,5.4670597930832505,28.871080118568187,12.448614016440562
2021-01-19,34.18,41.2727,20.751,11.9377,12.11,1.7691,2.3234,13986273376.26,13.3768,27.803,10.0,3.0,9.7955,96.2994,13.0237373015873,15.864721121278537,17.937314285714287,5.472886708503401,28.88845842286584,12.464427577210886
2021-01-20,34.59,41.6364,20.3712,12.0961,12.1077,1.7696,2.3233,14154043185.63,13.8175,28.7621,10.0,3.0,9.6456,96.2994,13.038561904761904,15.868095407808362,17.967945238095236,5.475643756806687,28.906657312570267,12.49230148128855
2021-01-21,34.37,41.6364,21.1417,12.0045,12.1008,1.7813,2.3176,14064020361.09,13.7793,33.9606,10.0,3.0,8.4574,96.2994,13.05444246031746,15.872199533230612,18.014016666666667,5.477748546309779,28.92664199354808,12.536268120356889
2021-01-22,33.31,41.6364,24.9967,11.6172,12.0957,1.7264,2.3168,13630274024.67,13.7793,34.7317,10.0,3.0,8.4574,131.9146,13.079150396825396,15.881093222954844,18.103889682539684,5.498806602292135,28.96024361978024,12.60508308024755
2021-01-25,33.37,41.6364,24.772,11.6528,12.0912,1.7295,2.3136,13654825704.09,13.7793,34.6361,10.0,3.0,8.3123,131.9146,13.105195833333331,15.889498681479838,18.182037301587304,5.523187968102872,28.99469451481317,12.658849333484431
2021-01-26,32.9,41.6364,26.5544,11.4886,12.089,1.7051,2.3133,13462504215.3,13.7793,34.6361,10.0,3.0,8.3123,131.9146,13.135008134920636,15.900627132753714,18.252534126984127,5.573085742260287,29.03563526767435,12.67944838472384
2021-01-27,31.58,41.6364,31.8442,11.0277,12.0884,1.6367,2.3131,12922367268.06,13.7793,34.6361,10.0,3.0,8.3123,131.9146,13.174623214285717,15.922346649128894,18.364083333333333,5.702884363011305,29.096969863414607,12.66119897032203
2021-01-28,31.95,41.6364,30.3174,11.1569,12.0871,1.6559,2.3096,13073769291.15,13.7793,34.6361,10.0,3.0,8.3123,131.9146,13.211594444444446,15.940501226417938,18.4865373015873,5.7925965886497135,29.152095670862384,12.693940712937588
2021-01-29,31.41,41.6364,32.5578,10.9683,12.0858,1.6279,2.3078,12852804176.37,13.7793,34.6361,10.0,3.0,8.3123,131.9146,13.256495833333334,15.963088802708048,18.620183333333337,5.921053443889763,29.219584636041382,12.699129889443574
2021-02-01,32.02,41.6364,30.0325,11.1813,12.0814,1.6595,2.2959,13102412917.14,13.7793,34.6361,10.0,3.0,8.3123,131.9146,13.29712976190476,15.979699406835838,18.71834285714285,6.006977701832044,29.2768291687406,12.711365155310814
2021-02-02,33.15,41.6364,25.6,11.5759,12.0803,1.7181,2.2958,13564802879.55,13.7793,34.6361,10.0,3.0,8.3123,131.9146,13.331819642857145,15.987405707844758,18.785027777777778,6.03652693684879,29.3192253507019,12.748500840928989
2021-02-03,32.7,41.6364,27.3284,11.4188,12.0791,1.6948,2.2958,13380665283.9,13.7793,34.6361,10.0,3.0,8.3123,131.9146,13.371656150793653,15.997234334638511,18.84766587301588,6.084096160714822,29.368890485432164,12.763569712301052
2021-02-04,33.39,41.6364,24.6972,11.6597,12.0773,1.7305,2.2947,13663009597.23,13.7793,34.6361,10.0,3.0,8.3123,131.9146,13.408380357142857,16.001955265135138,18.89858015873016,6.106127222978733,29.410335622277994,12.792452935751426
2021-02-05,33.8,41.6364,23.1846,11.8029,12.075,1.7518,2.2915,13830779406.6,13.7793,34.6361,10.0,3.0,8.3123,131.9146,13.44203373015873,16.004649682020144,18.95247619047619,6.113806177371619,29.446683412178874,12.838670013104572
2021-02-08,34.15,41.6364,21.9221,11.9006,12.071,1.7699,2.2883,13973997536.55,13.7793,34.8163,10.0,3.0,8.3123,136.0757,13.473875992063492,16.005526597131677,19.02961825396825,6.089223839267441,29.479402589195168,12.940394414700812
2021-02-09,35.1,41.6364,18.6222,12.2317,12.0711,1.824,2.2865,14400893005.2,13.7793,34.8163,10.0,3.0,8.3123,136.0757,13.49875515873016,16.00376081413852,19.0871,6.05049170093132,29.50251597286868,13.036608299068678
2021-02-10,34.89,42.5455,21.9418,9.6458,12.071,1.6258,2.2846,14314733816.28,9.166,49.8619,3.0,3.0,33.0264,8.6174,13.530359523809524,16.0046768286253,19.171958730158728,6.014563530102741,29.535036352434823,13.157395200055989
2021-02-11,35.56,42.5455,19.6443,9.8311,12.0702,1.657,2.2839,14589622657.12,9.166,49.8619,3.0,3.0,33.0264,8.6174,13.560816666666668,16.00167050112829,19.231811904761905,5.981083865395628,29.56248716779496,13.250728039366276
2021-02-12,35.15,42.5455,21.0398,9.7177,12.0637,1.6379,2.2792,14421407097.8,9.166,49.8619,3.0,3.0,33.0264,8.6174,13.597538690476192,15.997546303600918,19.296142063492063,5.956346528755296,29.595084994077112,13.339795534736766
2021-02-16,34.91,42.5455,22.6531,9.5537,12.0532,1.6185,2.277,14322939453.32,9.166,49.8619,3.0,3.0,33.0264,8.6174,13.630499007936509,15.9990596281366,19.37021904761905,5.9394372156790265,29.629558636073103,13.430781831940022
2021-02-17,35.35,42.5455,21.1264,9.6741,12.053,1.6389,2.277,14503463468.2,9.166,51.7472,3.0,3.0,33.0264,8.6174,13.662968253968256,15.997630873286084,19.41830396825397,5.92884169068317,29.66059912725434,13.489462277570796
2021-02-18,34.92,42.5455,22.618,9.5564,12.0528,1.619,2.2762,14327042271.84,9.166,51.7472,3.0,3.0,33.0264,8.6174,13.700663492063493,15.99630154558833,19.47302142857143,5.926284129112937,29.69696503765182,13.546737299458492
2021-02-19,35.09,42.9091,22.283,9.5592,12.049,1.6386,2.271,14396790186.68,9.8277,52.0402,3.0,3.0,33.0264,8.6174,13.739158134920634,15.9935583604027,19.515220634920635,5.927219511161159,29.73271649532333,13.588001123759476
2021-02-22,35.16,42.9091,22.0395,9.5718,12.0293,1.6419,2.2693,14425509916.32,14.9923,51.9206,5.0,3.0,33.0264,14.2884,13.777106349206347,15.990511190632162,19.555487301587306,5.926995896971432,29.76761753983851,13.62849140461587
2021-02-23,35.15,42.9091,22.0743,9.5691,12.0288,1.6414,2.2692,14421407097.8,14.9923,51.9206,5.0,3.0,33.0264,14.2884,13.815186904761903,15.987365544094612,19.58100873015873,5.930893181692105,29.80255244885652,13.650115548466625
2021-02-24,35.57,42.9091,20.6328,9.6834,12.0281,1.661,2.2682,14593725475.64,14.9923,51.9206,5.0,3.0,33.0264,14.2884,13.850154166666668,15.982956410843284,19.62609126984127,5.917001200486772,29.833110577509952,13.7090900693545
2021-02-25,35.49,42.9091,20.9048,9.6616,12.027,1.6573,2.2667,14560902927.48,14.9923,51.9206,5.0,3.0,33.0264,14.2884,13.88641865079365,15.978176577230888,19.659416666666665,5.912244895059636,29.864595228024537,13.747171771607029
2021-02-26,35.82,42.9091,19.7909,9.7514,12.0262,1.6727,2.2658,14696295938.64,14.9923,51.9206,5.0,3.0,33.0264,14.2884,13.920347023809525,15.972510871221306,19.68154126984127,5.907439436185689,29.89285789503083,13.77410183365558
2021-03-01,35.91,42.9091,19.4907,9.776,12.0248,1.6769,2.2644,14733221305.32,14.9923,51.9206,5.0,3.0,33.0264,14.2884,13.955613095238094,15.965132587535908,19.727724603174607,5.882773745377987,29.920745682774,13.84495085779662
2021-03-02,36.37,42.9091,17.9794,9.9012,12.0245,1.6984,2.2638,14921950957.24,14.9923,51.9839,5.0,3.0,33.0264,14.2884,13.989108531746032,15.955809072991054,19.76079523809524,5.860926426562259,29.94491760473709,13.89986881153298
2021-03-03,36.21,42.9091,18.5007,9.8576,12.0209,1.6909,2.2638,14856305860.92,14.9923,51.9839,5.0,3.0,33.0264,14.2884,14.024064682539684,15.946334478292515,19.77709682539682,5.854487818074999,29.9703991608322,13.922609007321824
2021-03-04,35.7,42.9091,20.1936,9.7188,12.0209,1.6671,2.2638,14647062116.4,14.9923,51.9839,5.0,3.0,33.0264,14.2884,14.06177023809524,15.938392936362913,19.808588888888888,5.845896910609548,30.00016317445815,13.96269197827934
2021-03-05,36.37,42.9091,17.9794,9.9006,12.0209,1.6984,2.2638,14921950957.24,14.9923,51.9897,5.0,3.0,33.0264,14.2884,14.09348035714286,15.930239086198608,19.82200634920635,5.839690519741442,30.023719443341463,13.982315829464907
2021-03-08,37.22,42.9091,15.2851,10.132,12.0248,1.7381,2.2644,15270690531.44,14.9923,51.9897,5.0,3.0,33.0264,14.2884,14.117710317460318,15.922729275184803,19.81375317460317,5.845404385760539,30.04043959264512,13.968348788842636
2021-03-09,36.74,42.9091,16.7912,10.0014,12.0245,1.7157,2.2638,15073755242.48,14.9923,51.9897,5.0,3.0,33.0264,14.2884,14.143625396825398,15.9164167625666,19.810211111111112,5.847112942698667,30.060042159392,13.963098168412444
2021-03-10,37.1,42.9091,15.658,10.0994,12.0209,1.7325,2.2638,15221456709.2,14.9923,51.9897,5.0,3.0,33.0264,14.2884,14.169008333333334,15.908593240544272,19.7715626984127,5.858415540887841,30.077601573877608,13.91314715752486
2021-03-11,36.99,42.9091,16.0019,10.0694,12.0209,1.7273,2.2638,15176325705.48,14.9923,51.9897,5.0,3.0,33.0264,14.2884,14.193378769841267,15.90195988809398,19.752319047619046,5.866845048803744,30.095338657935248,13.885473998815304
2021-03-12,37.62,42.9091,14.0593,10.2409,12.0209,1.7567,2.2629,15434803272.24,14.9923,51.9897,5.0,3.0,33.0264,14.2884,14.213958333333332,15.895046295459496,19.705893650793648,5.888699844016342,30.109004628792828,13.817193806777306
2021-03-15,38.09,42.9091,12.6519,10.3689,12.0248,1.7787,2.2638,15627635742.68,14.9923,51.9897,5.0,3.0,33.0264,14.2884,14.232567063492064,15.887700393939348,19.634982539682543,5.919585153654894,30.12026745743141,13.71539738602765
2021-03-16,37.86,42.9091,13.3362,10.3062,12.0245,1.768,2.2638,15533270916.72,14.9923,51.9897,5.0,3.0,33.0264,14.2884,14.254528373015871,15.878776069842122,19.579139682539683,5.945703661893304,30.133304442857995,13.633436020646378
2021-03-17,37.6,42.9091,14.1199,10.2355,12.0209,1.7558,2.2629,15426597635.2,14.9923,51.9897,5.0,3.0,33.0264,14.2884,14.277859325396824,15.869902335455327,19.505861904761908,5.955709503753175,30.14776166085215,13.550152401008733
2021-03-18,37.63,42.9091,14.029,10.2436,12.0209,1.7572,2.2629,15438906090.76,14.9923,51.9897,5.0,3.0,33.0264,14.2884,14.297997222222222,15.86311933188194,19.442096825396828,5.971098500409166,30.16111655410416,13.47099832498766
2021-03-19,36.91,43.7273,18.4701,10.0174,12.0209,1.7236,2.2629,15143503157.32,14.9923,52.0507,5.0,3.0,33.3953,14.2884,14.324497817460315,15.8589017183104,19.40752777777778,5.96395635192118,30.183399535770715,13.4435714258566
2021-03-22,36.63,43.7273,19.3756,9.9414,12.0248,1.7105,2.2629,15028624238.76,14.9923,52.0507,5.0,3.0,33.3953,14.2884,14.354797222222222,15.853924564034582,19.3490626984127,5.927474899060832,30.2087217862568,13.421587799351864
2021-03-23,36.77,43.7273,18.9211,9.9794,12.0245,1.7171,2.262,15086063698.04,14.9923,52.0507,5.0,3.0,33.3953,14.2884,14.382713095238094,15.849544117412584,19.26644761904761,5.859393769580012,30.23225721265068,13.407053849467603
2021-03-24,37.25,43.7273,17.3887,10.1096,12.0245,1.7395,2.2617,15282998987.0,14.9923,52.0507,5.0,3.0,33.3953,14.2884,14.407002777777777,15.844741442010555,19.175564285714284,5.798202629773564,30.25174421978833,13.37736165594072
2021-03-25,38.21,43.7273,14.4394,10.3702,12.0245,1.7843,2.2617,15676869564.92,14.9923,52.0507,5.0,3.0,33.3953,14.2884,14.425375396825398,15.839388275694867,19.0221,5.662994405082774,30.264763672520267,13.359105594917224
2021-03-26,38.78,44.0909,13.6949,10.5249,12.0245,1.8109,2.2617,15910730220.56,14.9923,52.0507,5.0,3.0,33.3953,14.2884,14.442986706349206,15.833619271848312,18.8706507936508,5.54614546513506,30.27660597819752,13.324505328515738
2021-03-29,38.85,44.0909,13.4901,10.5439,12.025,1.8142,2.262,15939449950.2,14.9923,52.0507,5.0,3.0,33.3953,14.2884,14.459736706349206,15.828125231308771,18.72905793650793,5.452438047675126,30.28786193765798,13.276619888832808
2021-03-30,39.16,44.0909,12.5917,10.628,12.0248,1.8287,2.2618,16066637324.32,14.9923,52.0507,5.0,3.0,33.3953,14.2884,14.473934523809522,15.823223423635037,18.60918968253968,5.4196693013034976,30.29715794744456,13.189520381236186
2021-03-31,38.37,44.0909,14.9098,10.4136,12.0245,1.7918,2.2617,15742514661.24,14.9923,52.0507,5.0,3.0,33.3953,14.2884,14.494909722222223,15.816766408405224,18.494027777777777,5.341713890932486,30.311676130627447,13.152313886845292
2021-04-01,39.41,44.0909,11.8774,10.6959,12.0245,1.8403,2.2617,16169207787.32,14.9923,52.0507,5.0,3.0,33.3953,14.2884,14.508335714285716,15.81165594314924,18.36814365079365,5.308902457412288,30.319991657434954,13.059241193381364
2021-04-05,39.62,44.0909,11.2845,10.752,12.025,1.8501,2.2634,16255366976.24,14.9923,52.0507,5.0,3.0,33.3953,14.2884,14.520970436507936,15.80651956045128,18.242726190476187,5.287896782943807,30.327489996959216,12.95482940753238
2021-04-06,39.93,44.0909,10.4205,10.8361,12.0248,1.8646,2.262,16382554350.36,14.9923,52.0507,5.0,3.0,33.3953,14.2884,14.531826785714289,15.801810451491534,18.12063968253968,5.28951940195814,30.33363723720582,12.831120280581542
2021-04-07,40.27,44.0909,9.4882,10.9225,12.0245,1.8805,2.2618,16522050180.04,9.8248,51.6659,5.0,3.0,33.6183,14.8913,14.540663095238097,15.79773380170238,18.02178492063492,5.333702150005163,30.33839689694048,12.688082770629755
2021-04-08,40.06,44.6364,11.4239,10.8402,12.0245,1.8872,2.2618,16435890991.12,9.8004,51.6973,5.0,3.0,33.6324,14.8913,14.553914087301589,15.792301289603415,17.923542063492064,5.340372000291311,30.346215376905004,12.583170063200754
2021-04-09,40.06,44.6364,11.4239,10.8402,12.0245,1.8872,2.2618,16435890991.12,9.8004,51.6941,5.0,3.0,33.6324,14.8913,14.563475793650792,15.788937343479168,17.822474603174605,5.341933348576035,30.35241313712996,12.48054125459857
2021-04-12,40.0,44.6364,11.591,10.824,12.025,1.8844,2.2634,16411274080.0,9.8004,51.6941,5.0,3.0,33.6324,14.8913,14.574873412698413,15.78470514845636,17.75985873015873,5.368515153585963,30.359578561154773,12.391343576572766
2021-04-13,39.85,45.1818,13.3797,10.7834,12.0248,1.8773,2.262,16349731802.2,9.8004,51.6409,5.0,3.0,33.6324,14.8913,14.591686507936508,15.778897626427025,17.703188888888892,5.376825518898163,30.370584134363533,12.32636336999073
2021-04-14,40.11,45.3636,13.098,10.8172,12.0245,1.8895,2.2618,16456405083.72,9.8004,51.7442,5.0,3.0,33.6324,14.8913,14.609586111111112,15.772061046686405,17.6497126984127,5.388936920380161,30.38164715779752,12.26077577803254
2021-04-15,40.31,45.8182,13.6646,10.8711,12.0245,1.8783,2.2618,16538461454.12,9.8401,50.7599,5.0,3.0,33.6324,14.8913,14.62606746031746,15.766713358086896,17.580678571428567,5.383787997766637,30.39278081840436,12.19689057366193
2021-04-16,40.08,45.8182,14.3169,10.8096,12.0245,1.8449,2.2618,16444096628.16,11.2274,50.1414,5.0,3.0,33.9516,21.2663,14.646510912698414,15.759603657506409,17.508268253968254,5.3656683252045205,30.40611457020482,12.142599928763731
2021-04-19,39.7,45.8182,15.4111,10.7072,12.025,1.8274,2.2634,16288189524.4,11.2274,50.1414,5.0,3.0,33.9516,21.2663,14.667290674603176,15.753680675087208,17.458180158730155,5.355464017214768,30.420971349690383,12.102716141515389
2021-04-20,39.24,45.8182,16.764,10.5831,12.0248,1.8063,2.262,16099459872.48,11.2274,50.1414,5.0,3.0,33.9516,21.2663,14.69017876984127,15.748318871159514,17.41757619047619,5.341044940465072,30.438497641000783,12.07653125001112
2021-04-21,39.89,45.8182,14.8614,10.7584,12.0245,1.8362,2.2618,16366143076.28,11.2274,50.1414,5.0,3.0,33.9516,21.2663,14.70708650793651,15.74390982367089,17.330804761904766,5.292451947018142,30.4509963316074,12.038352814886624
2021-04-22,39.64,45.8182,15.5858,10.691,12.0209,1.8247,2.2617,16263572613.28,11.2274,50.1414,5.0,3.0,33.9516,21.2663,14.729039484126984,15.73739158478592,17.261990476190476,5.257939111483467,30.466431068912904,12.00405136470701
2021-04-23,39.99,45.8182,14.5741,10.7865,12.0209,1.8408,2.2617,16407171261.48,11.2274,50.1299,5.0,3.0,33.9318,21.2663,14.749048412698412,15.7307564622149,17.20431984126984,5.247157317161566,30.47980487491332,11.957162524108274
2021-04-26,40.15,46.4,15.5666,10.791,12.0245,1.8482,2.262,16472816357.8,11.2274,50.4641,4.0,3.0,33.9318,21.2663,14.771594642857144,15.723753346887252,17.179555555555552,5.247467426659062,30.4953479897444,11.93208812889649
2021-04-27,40.49,46.4,14.5962,10.8824,12.0209,1.859,2.2618,16569449513.97,11.2274,50.4641,4.0,3.0,33.9318,21.2663,14.79290535714286,15.71620593288474,17.150939682539683,5.251677723593832,30.5091112900276,11.89926195894585
2021-04-28,39.49,47.3,19.7772,10.3708,12.0173,1.8034,2.2617,16160226260.97,11.6563,53.1768,4.0,3.0,36.8058,21.2663,14.8265998015873,15.708634840983962,17.122507936507933,5.227437452895587,30.53523464257126,11.895070483612349
2021-04-29,40.14,47.5,18.3358,10.4425,12.0173,1.8365,2.2617,16426221375.42,11.642,53.9817,4.0,3.0,36.8058,21.2663,14.86033253968254,15.697854897584527,17.04006984126984,5.123910343497648,30.558187437267065,11.916159497772192
2021-04-30,39.71,47.5,19.6172,10.3307,12.0173,1.8168,2.2617,16250255376.63,11.642,53.9817,4.0,3.0,36.8058,21.2663,14.891161904761905,15.69189607873129,16.97612698412698,5.0397246793436095,30.583057983493195,11.936402304783371
2021-05-03,40.14,47.7,18.8341,10.4008,12.0173,1.8238,2.2604,16426221375.42,12.3953,54.6565,4.0,3.0,36.8058,21.2663,14.920048015873016,15.685714336273008,16.938601587301584,5.007793978669298,30.605762352146023,11.930807608632286
2021-05-04,40.26,47.7,18.4799,10.4319,12.0141,1.8292,2.259,16475328165.78,12.3953,54.6565,4.0,3.0,36.8058,21.2663,14.9464126984127,15.680497267849471,16.88061507936508,4.946450851187123,30.62690996626217,11.934164228177956
2021-05-05,40.19,47.7,18.6862,10.4138,12.0109,1.8261,2.2574,16446682538.07,12.3953,54.6565,4.0,3.0,36.8058,21.2663,14.971784722222225,15.67617328938765,16.858651587301587,4.932106379188965,30.64795801160988,11.92654520811262
2021-05-06,39.77,47.7,19.9397,10.305,12.006,1.807,2.2574,16274808771.81,12.3953,54.6565,4.0,3.0,36.8058,21.2663,14.99645753968254,15.674182990812804,16.862948412698415,4.93457182411164,30.67064053049534,11.928376588586776
2021-05-07,40.79,47.7,16.9404,10.5693,12.005,1.8533,2.2574,16692216489.87,12.3953,54.6565,4.0,3.0,36.8058,21.2663,15.014606944444443,15.671121126095557,16.84551507936508,4.930351938741271,30.68572807054,11.915163140623807
2021-05-10,39.92,47.7,19.489,10.3438,12.006,1.8138,2.2604,16336192259.76,12.3953,54.6565,4.0,3.0,36.8058,21.2663,15.03704523809524,15.669411943660675,16.846234920634924,4.930734238521664,30.70645718175592,11.91550068211326
2021-05-11,39.58,47.7,20.5154,10.2557,12.0055,1.7983,2.259,16197056353.74,12.3953,54.6565,4.0,3.0,36.8058,21.2663,15.064932936507937,15.666623894281653,16.844288095238095,4.929224502358983,30.731556830789582,11.915063592879113
2021-05-12,39.13,47.8889,22.3841,10.1106,12.005,1.7779,2.2574,16012905889.89,12.3953,55.2301,3.0,3.0,36.8058,21.2663,15.09247123015873,15.667268059235647,16.937596825396827,4.921867194046265,30.75973928939437,12.015729631350563
2021-05-13,39.92,47.8889,19.9622,10.3147,12.005,1.8138,2.2574,16336192259.76,12.3953,55.2301,3.0,3.0,36.8058,21.2663,15.118825198412695,15.664259839104355,17.03112857142857,4.865715556566798,30.78308503751705,12.165413014861771
2021-05-14,40.19,47.8889,19.1563,10.3845,12.005,1.8261,2.2574,16446682538.07,12.3953,55.2301,3.0,3.0,36.8058,21.2663,15.1445126984127,15.660235899036646,17.101580952380957,4.831316378325195,30.804748597449347,12.270264574055762
2021-05-17,40.42,47.8889,18.4782,10.4439,12.006,1.8365,2.2604,16540803886.26,12.3953,55.2301,3.0,3.0,36.8058,21.2663,15.17084007936508,15.65465249898434,17.14070317460318,4.822266870971455,30.82549257834942,12.318436303631724
2021-05-18,40.17,47.8889,19.2156,10.3793,12.0055,1.8252,2.259,16438498073.01,12.3953,55.2301,3.0,3.0,36.8058,21.2663,15.194119444444446,15.651920648725968,17.196761111111112,4.804836978245416,30.846040093170416,12.391924132865697
2021-05-19,40.0,47.8889,19.7222,10.3354,12.005,1.8174,2.2574,16368930120.0,12.3953,55.2301,3.0,3.0,36.8058,21.2663,15.218457142857142,15.649400826117564,17.2858373015873,4.745968712728355,30.867857968974707,12.539868588858944
2021-05-20,40.27,47.8889,18.9195,10.4038,12.005,1.8297,2.2574,16479420398.31,12.3953,55.2297,3.0,3.0,36.8058,21.2663,15.244549007936506,15.644576832621828,17.36707698412698,4.684750578567124,30.889125840558336,12.682326405559856
2021-05-21,39.93,47.8889,19.9321,10.316,12.005,1.8143,2.2574,16340284492.29,12.3953,55.2297,3.0,3.0,36.8058,21.2663,15.275419246031746,15.638432269715503,17.42950238095238,4.665921740817483,30.91385151574725,12.763580640134895
2021-05-24,39.93,47.8889,19.9321,10.316,12.006,1.8143,2.2604,16340284492.29,12.3953,55.2297,3.0,3.0,36.8058,21.2663,15.303764087301587,15.633890611190276,17.49141746031746,4.646768288814459,30.937654698491865,12.844649171503
2021-05-25,39.17,47.8889,22.2591,10.1196,12.0055,1.7797,2.259,16029274820.01,12.3953,55.2297,3.0,3.0,36.8058,21.2663,15.33648214285714,15.631151843180676,17.548223015873017,4.66104702811128,30.96763398603781,12.887175987761736
2021-05-26,38.99,47.8889,22.8235,10.0731,12.005,1.7715,2.2574,15955614634.47,12.3953,55.2297,3.0,3.0,36.8058,21.2663,15.36766369047619,15.630379642047195,17.61004603174603,4.679055089389639,30.998043332523388,12.930990942356392
2021-05-27,39.68,47.8889,20.6878,10.2493,12.005,1.7839,2.2574,16237978679.04,13.3359,55.1511,4.0,3.0,36.8058,21.2663,15.395329761904762,15.62742545232257,17.66971666666667,4.669902163167762,31.02275521422733,12.999814503498907
2021-05-28,39.89,47.8889,20.0524,10.3035,12.005,1.7933,2.2574,16323915562.17,13.3359,55.1511,4.0,3.0,36.8058,21.2663,15.421982341269842,15.62388302212007,17.697573015873015,4.6735913951890335,31.045865363389915,13.023981620683982
2021-06-01,39.86,47.8889,20.1427,10.295,12.006,1.7919,2.259,16311638864.58,13.3359,55.1613,4.0,3.0,36.8252,21.2663,15.44979722222222,15.61977516795574,17.711584920634923,4.678289500457377,31.06957239017796,13.033295420177543
2021-06-02,39.45,47.8889,21.3914,10.1891,12.0055,1.7735,2.2574,16143857330.85,13.3359,55.1613,4.0,3.0,36.8252,21.2663,15.483281746031746,15.61437582588404,17.711289682539682,4.6780542178956885,31.09765757191579,13.033235464643994
2021-06-03,39.48,47.8889,21.2991,10.1968,12.0048,1.7749,2.2554,16156134028.44,13.3359,55.1613,4.0,3.0,36.8252,21.2663,15.516107539682542,15.609166325191657,17.73179126984127,4.688141712431709,31.1252738648742,13.043649557409562
2021-06-04,39.64,47.8889,20.8095,10.2381,12.0002,1.7821,2.2543,16221609748.92,13.3359,55.1613,4.0,3.0,36.8252,21.2663,15.55101507936508,15.60127502689512,17.74617380952381,4.694830181485536,31.1522901062602,13.051343628038277
2021-06-07,39.71,47.8889,20.5966,10.2562,11.9858,1.7852,2.2496,16250255376.63,13.3359,55.1613,4.0,3.0,36.8252,21.2663,15.586536309523808,15.5923215525279,17.74379761904762,4.693298726592334,31.178857862051707,13.050498892455284
2021-06-08,39.57,47.8889,21.0232,10.2201,11.9794,1.7789,2.2479,16192964121.21,13.3359,55.1613,4.0,3.0,36.8252,21.2663,15.623247023809524,15.583277026881456,17.78917380952381,4.697176028963308,31.20652405069098,13.0919977805605
2021-06-09,39.06,47.8889,22.6034,10.0883,11.9711,1.756,2.2474,15984260262.18,13.3359,55.1613,4.0,3.0,36.8252,21.2663,15.661829563492065,15.576423658875417,17.821770634920632,4.716334031411445,31.238253222367483,13.105436603509188
2021-06-10,39.01,47.8889,22.7606,10.0754,11.9569,1.7537,2.2432,15963799099.53,13.3359,55.1613,4.0,3.0,36.8252,21.2663,15.698267857142856,15.571496083057976,17.85363095238095,4.736146452777112,31.269763940200832,13.117484499603837
2021-06-11,39.29,47.8889,21.8857,10.1477,11.9515,1.7663,2.239,16078381610.37,13.3359,55.1613,4.0,3.0,36.8252,21.2663,15.733206746031746,15.565571677765632,17.888940476190477,4.749578558216245,31.29877842379738,13.139361917974233
2021-06-14,39.14,47.8889,22.3528,10.109,11.9493,1.7596,2.2357,16016998122.42,13.3359,55.1613,4.0,3.0,36.8252,21.2663,15.76907242063492,15.559945421173984,17.94753888888889,4.7588080270751085,31.329017841808906,13.18873086181378
2021-06-15,39.53,47.8889,21.1457,10.2097,11.9449,1.7771,2.2353,16176595191.09,13.3359,55.1613,4.0,3.0,36.8252,21.2663,15.805568452380951,15.550921376170905,17.982499206349207,4.766046163443898,31.35648982855185,13.216453042905307
2021-06-16,39.39,47.8889,21.5763,10.1736,11.9406,1.7708,2.2351,16119303935.67,13.3359,55.1613,4.0,3.0,36.8252,21.2663,15.842689285714286,15.542303071699775,18.015908730158728,4.7764380525745445,31.384992357414063,13.239470677584183
2021-06-17,38.51,47.8889,24.3545,9.9463,11.9377,1.7313,2.2351,15759187473.03,13.3359,55.1613,4.0,3.0,36.8252,21.2663,15.886805555555556,15.534828247701194,18.10763492063492,4.786377055156616,31.42163380325675,13.321257865478303
2021-06-18,37.12,47.8889,29.011,9.5873,11.9315,1.6688,2.2343,15190367151.36,13.3359,55.1613,4.0,3.0,36.8252,21.2663,15.941956944444444,15.531976751031513,18.248203174603173,4.844557592101549,31.47393369547596,13.403645582501625
2021-06-21,37.9,47.8889,26.3559,9.8001,11.9206,1.7038,2.2287,15509561288.7,13.3359,55.1562,4.0,3.0,36.8252,21.2663,15.992766865079366,15.5240569686944,18.37142619047619,4.851808860359967,31.516823833773763,13.519617330116224
2021-06-22,38.01,47.8889,25.9903,9.8286,11.9168,1.7088,2.2287,15554575846.53,13.3359,55.1562,4.0,3.0,36.8252,21.2663,16.04296111111111,15.515383314203842,18.46313412698413,4.885897275124082,31.55834442531496,13.577236851860048
2021-06-23,38.39,47.8889,24.7432,9.9268,11.9129,1.7259,2.2287,15710080682.67,13.3359,55.1562,4.0,3.0,36.8252,21.2663,16.089245238095238,15.506453959214568,18.543358730158733,4.905484228383785,31.59569919730981,13.637874501774949
2021-06-24,38.84,47.8889,23.2979,10.0432,11.9124,1.7461,2.227,15894231146.52,13.3359,55.1562,4.0,3.0,36.8252,21.2663,16.127748611111112,15.50019926401889,18.617638095238096,4.906061169286012,31.627947875130005,13.711576925952084
2021-06-25,39.3,47.8889,21.8547,10.1621,11.9099,1.7668,2.2263,16082473842.9,13.3359,55.1562,4.0,3.0,36.8252,21.2663,16.159648015873014,15.495398697739406,18.69335238095238,4.881564299651615,31.65504671361242,13.811788081300763
2021-06-28,38.76,47.8889,23.5524,10.0225,11.9069,1.7425,2.2169,15861493286.28,13.3359,55.1562,4.0,3.0,36.8252,21.2663,16.20025119047619,15.487888996278086,18.77691507936508,4.8738420539867375,31.688140186754275,13.90307302537834
2021-06-29,38.89,47.8889,23.1394,10.0561,11.9062,1.7483,2.2165,15914692309.17,13.3359,55.1562,4.0,3.0,36.8252,21.2663,16.243709325396825,15.476543077678564,18.86913253968254,4.845277282101774,31.720252403075392,14.023855257580763
2021-06-30,38.94,48.3333,24.1225,10.0644,11.9054,1.7614,2.2161,15935153471.82,13.3367,55.1674,4.0,3.0,36.8252,21.2663,16.293152380952378,15.46179330581814,18.96840079365079,4.823540975913671,31.75494568677052,14.14485981773712
2021-07-01,39.95,48.3333,20.9845,10.3259,11.9015,1.8071,2.2151,16348468957.35,13.3367,55.1662,4.0,3.0,36.8252,21.2663,16.335218055555554,15.445618849879608,19.04973492063492,4.769724303954018,31.78083690543516,14.2800106166809
2021-07-02,39.51,48.3333,22.3318,10.2122,11.9006,1.7872,2.2143,16168410726.03,13.3367,55.1662,4.0,3.0,36.8252,21.2663,16.381626785714285,15.42838356392666,19.140499206349205,4.721886181101595,31.810010349640947,14.418613025247607
2021-07-06,38.8,48.3333,24.5704,10.0287,11.8943,1.7551,2.2061,15877862216.4,13.3367,55.1662,4.0,3.0,36.8252,21.2663,16.432684126984128,15.41278035461828,19.219524603174605,4.728827889660256,31.84546448160241,14.49069671351435
2021-07-07,39.02,48.3333,23.868,10.0856,11.8936,1.765,2.2044,15967891332.06,13.3367,55.1662,4.0,3.0,36.8252,21.2663,16.481038492063494,15.397765334071275,19.29660952380952,4.724777159806311,31.87880382613477,14.57183236400321
2021-07-08,37.62,48.3333,28.4777,9.7131,11.8908,1.7185,2.2018,15394978777.86,12.4675,55.5137,4.0,3.0,36.8252,21.2663,16.540902777777777,15.385609932097449,19.44842142857143,4.709888697276821,31.926512709875222,14.738532731294608
2021-07-09,38.5,48.3333,25.541,9.9404,11.8868,1.7814,2.197,15755095240.5,12.4428,55.5137,4.0,3.0,36.6359,21.2663,16.593606746031746,15.370817456376548,19.55126428571429,4.700239602683366,31.964424202408296,14.85102468303092
2021-07-12,38.38,48.3333,25.9336,9.8744,11.8817,1.7759,2.1815,15705988450.14,12.4428,55.6137,5.0,3.0,36.6359,21.2663,16.646526587301587,15.356935485226938,19.659949206349207,4.688123346393326,32.00346207252852,14.971825859955882
2021-07-13,37.54,48.2222,28.4555,9.6583,11.881,1.737,2.1783,15362240917.62,12.4428,55.7084,5.0,3.0,36.6359,21.2663,16.703292658730156,15.347582558534064,19.782,4.715475312661363,32.05087521726422,15.066524687338635
2021-07-14,37.75,48.2222,27.7409,9.7124,11.8791,1.7467,2.1764,15448177800.75,12.4428,55.7084,5.0,3.0,36.6359,21.2663,16.75931130952381,15.336214884994863,19.89895,4.728770799178024,32.09552619451867,15.170179200821975
2021-07-15,37.98,48.2222,26.9674,9.7715,11.8755,1.7574,2.1741,15542299148.94,12.4428,55.7084,5.0,3.0,36.6359,21.2663,16.814307738095238,15.322991641092838,19.99061984126984,4.753083584504057,32.13729937918808,15.237536256765782
2021-07-16,38.08,48.2222,26.6339,9.7973,11.8733,1.762,2.172,15583221474.24,12.4428,55.7084,5.0,3.0,36.6359,21.2663,16.866575992063492,15.311441199743385,20.069499206349207,4.7803465976180135,32.17801719180687,15.289152608731191
2021-07-19,36.82,48.2222,30.9674,9.4731,11.8628,1.7037,2.1615,15067600175.46,12.4428,55.7084,5.0,3.0,36.6359,21.2663,16.928067063492065,15.305703214843176,20.16467063492064,4.876794853361123,32.23377027833524,15.28787578155951
2021-07-20,37.89,48.2222,27.2689,9.7484,11.8624,1.7532,2.1604,15505469056.17,12.4428,55.7024,6.0,3.0,36.6359,21.2663,16.97751785714286,15.298756042139392,20.2164,4.917462867080822,32.27627389928225,15.298937132919178
2021-07-21,38.48,48.2222,25.3176,9.9002,11.862,1.7805,2.1593,15746910775.44,12.4428,55.7024,6.0,3.0,36.6359,21.2663,17.02222876984127,15.290116719003182,20.255657142857142,4.938408025271636,32.31234548884445,15.31724911758551
2021-07-22,38.13,48.2222,26.4679,9.8101,11.8589,1.7643,2.1585,15603682636.89,12.4428,55.7024,6.0,3.0,36.6359,21.2663,17.069982142857143,15.28194046584361,20.29792857142857,4.968755152991126,32.351922608700754,15.329173418437446
2021-07-23,38.53,48.2222,25.1549,9.913,11.8443,1.7828,2.157,15767371938.09,12.4428,55.7024,6.0,3.0,36.6359,21.2663,17.116367063492067,15.270904810225492,20.299184126984123,4.969971823813971,32.38727187371756,15.329212303170152
2021-07-26,38.71,48.2222,24.573,9.9593,11.8374,1.7911,2.1529,15841032123.63,12.4428,55.7024,6.0,3.0,36.6359,21.2663,17.16276626984127,15.2579324957122,20.29760476190476,4.968570496371756,32.42069876555347,15.329034265533004
2021-07-27,38.53,48.2222,25.1549,9.913,11.8374,1.7828,2.1508,15767371938.09,12.4428,55.7024,6.0,3.0,36.6359,21.2663,17.211318452380954,15.244320500624536,20.28649761904762,4.956020083178943,32.45563895300549,15.330477535868676
2021-07-28,38.06,48.2222,26.7005,9.7921,11.8373,1.7493,2.1488,15470856931.64,12.4428,55.7024,6.0,3.0,36.6359,21.2663,17.2629373015873,15.232289583670344,20.245674603174603,4.880668678759968,32.495226885257644,15.365005924414636
2021-07-29,38.5,48.2222,25.2525,9.5643,11.836,1.6364,2.1474,15649710769.0,13.7337,58.2001,7.0,3.0,37.973,21.2663,17.3100123015873,15.2202176657605,20.205476984126985,4.817502170331091,32.5302299673478,15.387974813795894
2021-07-30,39.0,48.2222,23.6467,9.628,11.8332,1.6347,2.1451,15852953766.0,14.6891,58.8128,7.0,3.0,37.973,21.2663,17.348634325396826,15.211531285398973,20.134753968253968,4.698657516553306,32.5601656107958,15.436096451700662
2021-08-02,39.21,48.2222,22.9844,9.6581,11.8252,1.6116,2.1427,15938315824.74,14.9372,59.2763,7.0,3.0,37.973,21.2663,17.384795833333335,15.203203987669758,20.07881666666667,4.621197820076388,32.587999821003095,15.45761884659028
2021-08-03,39.34,48.2222,22.578,9.6571,11.8242,1.617,2.1424,15991159003.96,14.9372,59.4485,7.0,3.0,37.973,21.2663,17.421063492063492,15.19372509519524,20.05483253968254,4.600107506079771,32.61478858725873,15.454725033602768
2021-08-04,39.42,48.2222,22.3293,9.6767,11.822,1.6203,2.1404,16023677883.48,14.9372,59.4485,7.0,3.0,37.973,21.2663,17.451576587301584,15.188097123966664,20.01515714285714,4.558239757440073,32.63967371126825,15.456917385417068
2021-08-05,39.99,48.2222,20.5856,9.8166,11.8196,1.6437,2.135,16255374900.06,14.9372,59.4485,7.0,3.0,37.973,21.2663,17.48468968253968,15.176674192696648,19.982525396825395,4.539130684911881,32.66136387523633,15.443394711913513
2021-08-06,40.58,48.2222,18.8324,9.9615,11.8194,1.668,2.1264,16495201636.52,14.9372,59.4485,7.0,3.0,37.973,21.2663,17.516372023809524,15.162753528752887,19.947984126984128,4.531121360535911,32.67912555256241,15.416862766448215
2021-08-09,40.54,48.2222,18.9497,9.9516,11.8037,1.6663,2.1196,16478942196.76,14.9372,59.4485,7.0,3.0,37.973,21.2663,17.549321626984128,15.147751680821967,19.92439365079365,4.528498131058258,32.69707330780609,15.395895519735392
2021-08-10,40.78,48.2222,18.2496,10.0106,11.803,1.6762,2.1196,16576498835.32,14.9372,59.4485,7.0,3.0,37.973,21.2663,17.578583928571426,15.134799758514712,19.921436507936505,4.529476825428659,32.713383687086136,15.391959682507846
2021-08-11,41.52,48.2222,16.1421,10.1922,11.8029,1.7066,2.1144,16877298470.88,14.9372,59.4485,7.0,3.0,37.973,21.2663,17.60161111111111,15.123741821006602,19.875407142857146,4.538241596304382,32.725352932117715,15.33716554655276
2021-08-12,41.66,48.2222,15.7518,10.2266,11.8004,1.7123,2.1088,16934206510.04,14.9372,59.4485,7.0,3.0,37.973,21.2663,17.626281746031747,15.110530725585066,19.844514285714283,4.553051788165062,32.736812471616815,15.29146249754922
2021-08-13,41.78,48.5,16.0843,10.2192,11.7978,1.7173,2.1059,16982984829.32,14.9372,59.5707,7.0,3.0,37.973,21.2663,17.645568650793653,15.102328122282676,19.80518492063492,4.564033900032906,32.74789677307633,15.241151020602013
2021-08-16,41.81,48.3636,15.6747,10.1787,11.7964,1.702,2.0877,16995179409.14,15.5089,60.2021,7.0,3.0,37.973,21.2663,17.66601170634921,15.09265069244947,19.74980079365079,4.57153319827803,32.75866239879868,15.178267595372764
2021-08-17,41.9,48.3636,15.4263,10.2006,11.7961,1.7057,2.0818,17031763148.6,15.5089,60.2021,7.0,3.0,37.973,21.2663,17.690379960317458,15.079066982241471,19.704561904761903,4.585982329156528,32.76944694255893,15.118579575605375
2021-08-18,41.68,48.3636,16.0355,10.147,11.7958,1.6967,2.081,16942336229.92,15.5089,60.2021,7.0,3.0,37.973,21.2663,17.717591468253964,15.063642973082672,19.652319841269843,4.590018954871752,32.78123444133664,15.062300886398091
2021-08-19,41.66,48.3636,16.0912,10.1422,11.7948,1.6959,2.0754,16934206510.04,15.5089,60.2021,7.0,3.0,37.973,21.2663,17.743381944444447,15.04967488522278,19.60317857142857,4.59477187618449,32.79305682966723,15.008406695244078
2021-08-20,42.1,48.3636,14.8779,10.2493,11.7924,1.7138,2.0624,17113060347.4,15.5089,60.2021,7.0,3.0,37.973,21.2663,17.767073214285716,15.035712899235827,19.54634047619048,4.608667154866727,32.80278611352154,14.937673321323746
2021-08-23,42.1,48.3636,14.8779,10.2493,11.7846,1.7138,2.0355,17113060347.4,15.5089,60.2021,7.0,3.0,37.973,21.2663,17.78942261904762,15.022999571733,19.489226190476195,4.621661482993684,32.81242219078062,14.867564707482511
2021-08-24,42.04,48.3636,15.0419,10.2347,11.781,1.7114,2.019,17088671187.76,15.5089,60.2021,7.0,3.0,37.973,21.2663,17.806985714285712,15.01458394705278,19.44485396825397,4.637406366884719,32.82156966133849,14.807447601369248
2021-08-25,42.08,48.3636,14.9325,10.2444,11.7807,1.713,2.0054,17104930627.52,15.5089,60.2021,7.0,3.0,37.973,21.2663,17.826545634920635,15.0043815536958,19.39745476190476,4.652860659931259,32.830927188616435,14.7445941019735
2021-08-26,41.39,48.3636,16.8485,10.0764,11.78,1.6849,1.987,16824455291.66,15.5089,60.2021,7.0,3.0,37.973,21.2663,17.850386904761905,14.993235862321624,19.37410238095238,4.658250915757233,32.84362276708353,14.715851465195149
2021-08-27,41.75,48.3636,15.841,10.1641,11.7798,1.6996,1.956,16970790249.5,15.5089,60.2021,7.0,3.0,37.973,21.2663,17.87101130952381,14.983285190535648,19.34513650793651,4.66885527721896,32.854296500059455,14.67628123071755
2021-08-30,41.25,48.3636,17.2451,10.0424,11.7769,1.6792,1.9127,16767547252.5,15.5089,60.2021,7.0,3.0,37.973,21.2663,17.895375,14.972238204235968,19.33930873015873,4.671031438764033,32.867613204235965,14.668277291394698
2021-08-31,41.1,48.3636,17.673,10.0058,11.7767,1.6731,1.8998,16706574353.4,15.5089,60.2021,7.0,3.0,37.973,21.2663,17.920587698412696,14.961117087793903,19.332739682539685,4.672801918097055,32.8817047862066,14.659937764442631
2021-09-01,40.47,48.3636,19.5048,9.8525,11.7747,1.6475,1.8996,16450488177.18,15.5089,60.2021,7.0,3.0,37.973,21.2663,17.952653373015874,14.947125044413989,19.32727301587302,4.672189619052811,32.89977841742986,14.655083396820206
2021-09-02,39.61,48.2,21.6864,9.7274,11.7701,1.6125,1.8948,16100910222.34,15.5089,58.9733,6.0,2.0,28.5,21.2663,17.992563888888892,14.930143436741483,19.35669365079365,4.6753045981752015,32.92270732563038,14.681389052618446
2021-09-03,39.43,48.2,22.2419,9.6832,11.767,1.6051,1.8898,16027742743.42,15.5089,58.9733,6.0,2.0,28.5,21.2663,18.03509543650793,14.91160743435864,19.411906349206347,4.667908801881007,32.946702870866574,14.74399754732534
2021-09-07,39.0,48.2,23.5897,9.5776,11.767,1.5876,1.8878,15852953766.0,15.5089,58.9733,6.0,2.0,28.5,21.2663,18.08117281746032,14.892770980855952,19.465862698412696,4.67665744618058,32.97394379831627,14.789205252232115
2021-09-08,39.97,48.2,20.5904,9.8158,11.7664,1.6271,1.8872,16247245180.18,15.5089,58.9733,6.0,2.0,28.5,21.2663,18.12144365079365,14.872004562750508,19.50500873015873,4.665157909902084,32.99344821354416,14.839850820256643
2021-09-09,39.52,47.9091,21.2275,9.7376,11.7664,1.6088,1.8872,16064326482.88,15.5089,58.4952,7.0,2.0,28.5,21.2663,18.1586496031746,14.856232837907278,19.546481746031745,4.656986815139477,33.01488244108188,14.889494930892267
2021-09-10,38.94,47.9091,23.0331,9.5947,11.7664,1.5852,1.8844,15828564606.36,15.5089,58.4952,7.0,2.0,28.5,21.2663,18.1992375,14.841514365783008,19.61770238095238,4.640990409944098,33.04075186578301,14.976711971008282
2021-09-13,39.89,47.9091,20.103,9.8288,11.7664,1.6239,1.8805,16214726300.66,15.5089,58.4952,7.0,2.0,28.5,21.2663,18.23335753968254,14.826046054307112,19.676838095238093,4.598801133336376,33.05940359398965,15.078036961901716
2021-09-14,39.26,47.9091,22.0303,9.6735,11.7664,1.5982,1.8794,15958640124.44,15.5089,58.4952,7.0,2.0,28.5,21.2663,18.27150337301587,14.810996045306451,19.745838888888887,4.568025109107254,33.08249941832233,15.177813779781632
2021-09-15,39.34,47.9091,21.7822,9.6932,11.7664,1.6015,1.8783,15991159003.96,15.5089,58.2995,7.0,2.0,28.5,21.2663,18.309559126984126,14.795287225459743,19.8066507936508,4.543466776649538,33.10484635244387,15.263184017001254
2021-09-16,39.16,47.9091,22.3419,9.6489,11.7664,1.5942,1.8779,15917991525.04,15.5089,58.2995,7.0,2.0,28.5,21.2663,18.35071349206349,14.777552945867876,19.87262619047619,4.519189384642709,33.128266437931366,15.353436805833482
2021-09-17,39.3,47.9091,21.9061,9.6834,11.7664,1.5999,1.8773,15974899564.2,15.5089,58.2995,7.0,2.0,28.5,21.2663,18.390756746031744,14.75974313446212,19.89989603174603,4.521024948949397,33.15049988049387,15.378871082796636
2021-09-20,38.85,47.9091,23.3181,9.5725,11.7664,1.5815,1.873,15791980866.9,15.5089,58.2995,7.0,2.0,28.5,21.2663,18.434729960317465,14.74129539134958,19.931185714285714,4.530999179955019,33.17602535166704,15.400186534330697
2021-09-21,38.73,47.9091,23.7002,9.5429,11.7664,1.5766,1.8646,15743202547.62,15.5089,58.2995,7.0,2.0,28.5,21.2663,18.478775992063493,14.723752361666246,19.96911507936508,4.54246463797018,33.20252835372974,15.4266504413949
2021-09-22,39.02,47.9091,22.7809,9.6144,11.7664,1.5885,1.8618,15861083485.88,15.5089,58.2995,7.0,2.0,28.5,21.2663,18.521536904761906,14.704839832396946,20.01191031746032,4.543359950852613,33.22637673715885,15.468550366607705
2021-09-23,39.0,47.9091,22.8438,9.6095,11.7664,1.5876,1.8582,15852953766.0,15.5089,58.2995,7.0,2.0,28.5,21.2663,18.56554007936508,14.684471126492484,20.078611904761903,4.522540079638421,33.25001120585756,15.556071825123482
2021-09-24,39.18,47.9091,22.2795,9.6579,11.7664,1.595,1.8566,15926121244.92,15.5089,58.3183,8.0,2.0,28.5,21.2663,18.611421825396825,14.65980795425321,20.146743650793653,4.490147742272866,33.271229779650035,15.656595908520789
2021-09-27,39.36,47.9091,21.7203,9.7022,11.7635,1.6023,1.8517,15999288723.84,15.5089,58.3183,8.0,2.0,28.5,21.2663,18.65800535714286,14.632229790605392,20.21206269841269,4.452240720800729,33.29023514774825,15.759821977611969
2021-09-28,38.39,47.9091,24.7958,9.4631,11.7632,1.5628,1.8501,15604997309.66,15.5089,58.3183,8.0,2.0,28.5,21.2663,18.709253968253968,14.60833759268359,20.30892063492064,4.417750183562842,33.31759156093756,15.891170451357794
2021-09-29,38.84,47.9091,23.3499,9.575,11.7628,1.5812,1.8492,15787916006.96,15.5071,57.5034,8.0,2.0,28.5,21.2663,18.75730634920635,14.583621739255191,20.37590555555556,4.3991783578172425,33.34092808846154,15.976727197738317
2021-09-30,38.18,47.9091,25.4822,9.4123,11.7628,1.5543,1.8478,15519635250.92,15.5071,57.278,8.0,2.0,28.5,21.2663,18.80697837301588,14.56375503540212,20.48388015873016,4.355664772573975,33.37073340841799,16.128215386156185
2021-10-01,38.18,47.9091,25.4822,9.4065,11.7628,1.5459,1.847,15519635250.92,15.5312,57.0176,8.0,2.0,28.5,21.2663,18.85382063492064,14.547140485377948,20.59656031746032,4.299052693997994,33.40096112029858,16.297507623462323
2021-10-04,38.19,47.9091,25.4493,9.409,11.7635,1.5463,1.845,15523700110.86,15.5312,57.0176,8.0,2.0,28.5,21.2663,18.901924801587302,14.52873701318766,20.71583650793651,4.222261061613222,33.430661814774965,16.493575446323288
2021-10-05,39.6,47.9091,20.9826,9.7563,11.7632,1.6034,1.8449,16096845362.4,15.5312,57.0176,8.0,2.0,28.5,21.2663,18.94362242063492,14.504422697575142,20.807061904761905,4.100145186753249,33.44804511821006,16.706916718008657
2021-10-06,39.99,47.9091,19.8027,9.8524,11.7628,1.6192,1.844,16255374900.06,15.5312,57.0176,8.0,2.0,28.5,21.2663,18.98188313492064,14.48114001320752,20.87356031746032,4.013782911579971,33.46302314812816,16.859777405880347
2021-10-07,40.71,47.8182,17.4606,9.9929,11.7628,1.6484,1.842,16548044815.74,15.5312,56.8592,8.0,2.0,28.5,21.2663,19.01054126984128,14.463764140523253,20.921470634920635,3.93534715669272,33.47430541036452,16.986123478227913
2021-10-08,40.95,48.2727,17.8821,9.9846,11.7628,1.6464,1.8406,16645601454.3,15.939,57.3382,8.0,2.0,28.5,21.2663,19.04197242063492,14.444012794889757,20.9714,3.8551115536854015,33.48598521552468,17.1162884463146
2021-10-11,40.17,48.2727,20.171,9.677,11.7635,1.6267,1.8372,16328542378.98,15.529,56.8655,8.0,2.0,29.5,21.2663,19.07794503968254,14.424150279395972,21.025299206349207,3.795129849699222,33.502095319078514,17.230169356649984
2021-10-12,40.85,48.2727,18.1706,9.8408,11.7632,1.6542,1.837,16604952854.9,15.529,56.8655,8.0,2.0,29.5,21.2663,19.111558928571423,14.40219638128326,21.065557936507936,3.736821473313273,33.51375530985469,17.328736463194662
2021-10-13,41.81,48.2727,15.4573,10.072,11.7628,1.6931,1.8368,16995179409.14,15.529,56.8655,8.0,2.0,29.5,21.2663,19.14027222222222,14.380396905925435,21.07978571428572,3.7117459104783768,33.52066912814765,17.36803980380734
2021-10-14,42.8,48.2727,12.7867,10.2591,11.7628,1.7332,1.8365,17397600543.2,15.529,56.6299,8.0,2.0,29.5,21.2663,19.165169047619045,14.358452950110966,21.067641269841268,3.7364713589644767,33.52362199773001,17.331169910876792
2021-10-15,42.47,48.2727,13.6631,10.1013,11.7628,1.7201,1.8364,17263460165.18,15.513,57.079,8.0,2.0,29.5,21.2663,19.192089285714285,14.33532864925637,21.05376825396825,3.760807146656526,33.52741793497066,17.29296110731173
2021-10-18,42.35,48.2727,13.9851,10.0728,11.7628,1.7153,1.8338,17214681845.9,15.513,57.079,8.0,2.0,29.5,21.2663,19.2198375,14.311621122069706,21.03171349206349,3.7941654898297705,33.53145862206971,17.237548002233723
2021-10-19,42.07,48.2727,14.7438,10.0062,11.7623,1.7039,1.8337,17100865767.58,15.513,57.079,8.0,2.0,29.5,21.2663,19.25054484126984,14.285304561392524,21.03078015873016,3.795709628789042,33.535849402662365,17.235070529941115
2021-10-20,42.64,48.2727,13.2099,10.1418,11.7618,1.727,1.8336,17332562784.16,15.513,57.079,8.0,2.0,29.5,21.2663,19.27914523809524,14.258674808587026,21.011923809523807,3.828733477262064,33.53782004668226,17.183190332261745
2021-10-21,42.91,48.2727,12.4976,10.206,11.7618,1.7379,1.8328,17442314002.54,15.513,57.079,8.0,2.0,29.5,21.2663,19.30050297619048,14.240391119788216,20.995443650793653,3.8609987500332137,33.54089409597869,17.13444490076044
2021-10-22,43.21,48.2727,11.7165,10.2568,11.7618,1.7501,1.8309,17564259800.74,15.513,57.1331,8.0,2.0,29.5,21.2663,19.320457142857144,14.22265789600478,20.964887301587304,3.9191047195598303,33.54311503886193,17.045782582027474
2021-10-25,43.34,48.2727,11.3814,10.2877,11.7628,1.7554,1.829,17617102979.96,15.513,57.1331,8.0,2.0,29.5,21.2663,19.33974642857143,14.205239844219305,20.939373015873016,3.9710187639426624,33.54498627279074,16.968354251930354
2021-10-26,43.15,48.2727,11.8718,10.2426,11.7611,1.7477,1.8287,17539870641.1,15.513,57.1331,8.0,2.0,29.5,21.2663,19.357091865079365,14.190736976512994,20.876631746031748,4.051170687485632,33.54782884159236,16.825461058546118
2021-10-27,42.33,48.2727,14.039,10.0479,11.7594,1.6783,1.8284,16843248678.51,15.513,57.1331,8.0,2.0,29.5,21.2663,19.378234722222224,14.174819062101085,20.84253015873016,4.090622296546317,33.55305378432331,16.751907862183838
2021-10-28,42.04,49.4545,17.6368,9.8584,11.7594,1.6866,1.8277,16727856707.88,16.6391,60.6966,9.0,2.0,30.0,21.2663,19.408165873015875,14.15513073782492,20.8268126984127,4.099163808992774,33.563296610840794,16.727648889419925
2021-10-29,41.82,49.4545,18.2556,9.7161,11.7594,1.6757,1.8268,16640317971.54,16.7896,62.6708,9.0,2.0,30.0,21.2663,19.4400748015873,14.134313662199894,20.82222142857143,4.101736770112854,33.574388463787194,16.720484658458577
2021-11-01,42.57,49.2727,15.7451,9.9558,11.7611,1.7058,1.8256,16938745481.79,16.7896,62.4123,9.0,2.0,30.0,21.2663,19.465788888888888,14.115730305216845,20.800516666666667,4.1214190765364656,33.58151919410573,16.6790975901302
2021-11-02,43.16,49.5455,14.7949,10.0547,11.7594,1.7309,1.8252,17173508456.52,16.7659,62.9288,9.0,2.0,30.0,21.2663,19.48881567460317,14.098581607475124,20.76963333333333,4.1518562796126135,33.5873972820783,16.617777053720722
2021-11-03,43.25,49.5455,14.5561,10.0757,11.7584,1.7345,1.825,17209319757.75,16.7659,62.9288,9.0,2.0,30.0,21.2663,19.50701884920635,14.08624850403106,20.726906349206345,4.1880095539286994,33.59326735323741,16.538896795277644
2021-11-04,42.18,49.5455,17.4621,9.8264,11.7584,1.6916,1.8244,16783563176.46,16.7659,62.9288,9.0,2.0,30.0,21.2663,19.52887321428572,14.074486285491671,20.731046825396824,4.184492488274837,33.60335949977739,16.546554337121986
2021-11-05,43.36,49.8182,14.8944,10.072,11.7584,1.7569,1.8239,17253089125.92,16.3317,63.4599,9.0,2.0,30.0,21.2663,19.54962003968254,14.05989619452044,20.694581746031744,4.215308668601011,33.609516234202985,16.479273077430733
2021-11-08,42.62,49.8182,16.8893,9.9001,11.7611,1.7269,1.8218,16958640649.14,16.3317,63.4599,9.0,2.0,30.0,21.2663,19.57026607142857,14.048306799994734,20.665803174603173,4.228897828549248,33.618572871423304,16.436905346053926
2021-11-09,42.02,49.8182,18.5583,9.7607,11.7594,1.7026,1.8207,16719898640.94,16.3317,63.4599,9.0,2.0,30.0,21.2663,19.59600773809524,14.03450839346932,20.635439682539683,4.230196181305472,33.63051613156456,16.40524350123421
2021-11-10,41.76,49.8182,19.2965,9.7003,11.7584,1.692,1.8201,16616443770.72,16.3317,63.4599,9.0,2.0,30.0,21.2663,19.62429265873016,14.019473145875258,20.63015634920635,4.231459282308891,33.643765804605415,16.39869706689746
2021-11-11,41.47,49.8182,20.1307,9.633,11.7584,1.6803,1.8184,16501051800.09,16.3317,63.4599,9.0,2.0,30.0,21.2663,19.65284384920635,14.005788886711324,20.637889682539683,4.229634145858411,33.65863273591767,16.408255536681274
2021-11-12,42.02,49.8333,18.5942,9.6957,11.7584,1.6921,1.8171,16719898640.94,16.4009,63.7301,10.0,2.0,30.0,21.2663,19.67865674603175,13.991790702088393,20.63881031746032,4.22917289991925,33.67044744812014,16.40963741754107
2021-11-15,42.36,49.8333,17.6424,9.7741,11.7611,1.7058,1.8166,16855185778.92,16.4009,63.7301,10.0,2.0,30.0,21.2663,19.702242857142856,13.978285623535848,20.6263246031746,4.235725422482972,33.6805284806787,16.39059918069163
2021-11-16,42.69,49.8333,16.733,9.8503,11.7594,1.7191,1.8164,16986493883.43,16.4009,63.7301,10.0,2.0,30.0,21.2663,19.723869642857142,13.965210925344245,20.6026007936508,4.249179546020393,33.68908056820139,16.3534212476304
2021-11-17,42.15,49.8333,18.2285,9.7257,11.7584,1.6973,1.8163,16771626076.05,16.4009,63.7301,10.0,2.0,30.0,21.2663,19.75216984126984,13.947653931746512,20.597116666666665,4.251814284330715,33.69982377301635,16.34530238233595
2021-11-18,41.67,49.8333,19.5904,9.6065,11.7584,1.678,1.8159,16580632469.49,16.4009,63.7342,10.0,2.0,30.0,21.2663,19.7835003968254,13.92947227960733,20.59440476190476,4.252350778735905,33.71297267643273,16.342053983168856
2021-11-19,42.06,49.8333,18.4815,9.6964,11.7573,1.6937,1.8156,16735814774.82,16.4009,63.7342,10.0,2.0,30.0,21.2663,19.811131150793653,13.913007991476746,20.582892063492064,4.256120216151703,33.7241391422704,16.32677184734036
2021-11-22,43.11,49.8333,15.5957,9.9384,11.7594,1.736,1.8143,17153613289.17,16.4009,63.7342,10.0,2.0,30.0,21.2663,19.829866666666668,13.900931749236728,20.530007936507936,4.276475123586623,33.730798415903394,16.253532812921314
2021-11-23,43.74,49.8333,13.9307,10.0837,11.7584,1.7613,1.8143,17404292397.78,16.4009,63.7342,10.0,2.0,30.0,21.2663,19.846639484126985,13.888674018701042,20.45943015873016,4.311559402968014,33.73531350282803,16.147870755762142
2021-11-24,43.79,49.8333,13.8006,10.0952,11.7573,1.7634,1.8143,17424187565.13,16.4009,63.7342,10.0,2.0,30.0,21.2663,19.86498273809524,13.874536362745676,20.40476984126984,4.3521070487066265,33.73951910084091,16.05266279256321
2021-11-26,41.89,49.8333,18.9623,9.6572,11.7573,1.6868,1.8142,16668171205.83,16.4009,63.7342,10.0,2.0,30.0,21.2663,19.897905753968253,13.85260743293478,20.396118253968258,4.353896272598012,33.750513186903035,16.042221981370247
2021-11-29,41.73,49.8333,19.4184,9.6203,11.7594,1.6804,1.8138,16604506670.31,16.4009,63.7342,10.0,2.0,30.0,21.2663,19.932455357142857,13.829588895400889,20.39036984126984,4.354711602542919,33.762044252543745,16.035658238726924
2021-11-30,40.38,49.8333,23.4108,9.3091,11.7584,1.626,1.8134,16067337151.86,16.4009,63.7342,10.0,2.0,30.0,21.2663,19.973672420634923,13.80888157577758,20.406396825396826,4.36213499537882,33.7825539964125,16.044261830018
2021-12-01,40.73,49.8333,22.3504,9.3898,11.7573,1.6401,1.8129,16206603323.31,16.4009,63.7342,10.0,2.0,30.0,21.2663,20.010578373015875,13.790278733961316,20.41474047619048,4.364860751449845,33.80085710697719,16.049879724740634
2021-12-02,42.29,49.8333,17.8371,9.7494,11.7573,1.703,1.8123,16827332544.63,16.4009,63.7342,10.0,2.0,30.0,21.2663,20.03396845238096,13.776540824967784,20.39115,4.370738562261387,33.81050927734874,16.02041143773861
2021-12-03,42.25,49.8333,17.9486,9.7402,11.7573,1.7013,1.8109,16811416410.75,16.4009,63.7342,10.0,2.0,30.0,21.2663,20.059733134920634,13.760432797345114,20.370134126984127,4.376105700938309,33.82016593226575,15.994028426045816
2021-12-06,43.14,49.8333,15.5153,9.9454,11.7594,1.7372,1.8077,17165550389.58,16.4009,63.7342,10.0,2.0,30.0,21.2663,20.08213115079365,13.74378717470189,20.32642063492064,4.396989686634429,33.825918325495536,15.929430948286203
2021-12-07,43.36,49.8333,14.9292,9.9961,11.7584,1.746,1.8075,17253089125.92,16.4009,63.7342,10.0,2.0,30.0,21.2663,20.102512103174604,13.72847549703446,20.26551428571429,4.418296265389299,33.83098760020906,15.847218020324988
2021-12-08,43.39,49.8333,14.8497,10.003,11.7573,1.7472,1.8073,17265026226.33,16.4009,63.7342,10.0,2.0,30.0,21.2663,20.124188095238097,13.711495966760792,20.202729365079364,4.4387175107422125,33.83568406199889,15.764011854337152
2021-12-09,43.47,49.8333,14.6384,10.0214,11.7573,1.7505,1.8071,17296858494.09,16.4009,63.7342,10.0,2.0,30.0,21.2663,20.143992063492064,13.69631175202158,20.14521111111112,4.463621096468013,33.84030381551364,15.6815900146431
2021-12-10,43.43,49.8333,14.744,10.0122,11.7573,1.7489,1.807,17280942360.21,16.4009,63.7342,10.0,2.0,30.0,21.2663,20.163296825396827,13.681793579434228,20.08482380952381,4.484934175185554,33.845090404831055,15.599889634338258
2021-12-13,43.35,49.8333,14.9557,9.9938,11.7594,1.7456,1.8058,17249110092.45,16.4009,63.7342,10.0,2.0,30.0,21.2663,20.18622261904762,13.663318506705082,20.035696825396823,4.507067939313608,33.8495411257527,15.52862888608322
2021-12-14,43.75,49.8333,13.9047,10.086,11.7584,1.7617,1.8046,17408271431.25,16.4009,63.7342,10.0,2.0,30.0,21.2663,20.20677400793651,13.646019773603175,19.97481111111112,4.537802330894805,33.85279378153969,15.43700878021631
2021-12-15,43.94,49.8333,13.4122,10.1298,11.7573,1.7694,1.8035,17483873067.18,16.4009,63.7342,10.0,2.0,30.0,21.2663,20.2278625,13.627240326880656,19.88796746031746,4.557975138007169,33.85510282688065,15.32999232231029
2021-12-16,44.09,49.8333,13.0263,10.1644,11.7546,1.7754,1.8034,17543558569.23,16.4009,63.7342,10.0,2.0,30.0,21.2663,20.25086488095238,13.605218946136157,19.76110476190476,4.524349292684632,33.85608382708854,15.236755469220128
2021-12-17,43.22,49.8333,15.3015,9.9638,11.7546,1.7404,1.8028,17197382657.34,16.4009,63.7342,10.0,2.0,30.0,21.2663,20.27705059523809,13.582904669168837,19.67337142857143,4.502571688550438,33.85995526440693,15.17079974002099
2021-12-20,42.43,49.8333,17.4483,9.7817,11.7507,1.7086,1.7988,16883039013.21,16.4009,63.7342,10.0,2.0,30.0,21.2663,20.307925595238096,13.558684318133748,19.60557777777778,4.470894531735347,33.866609913371846,15.134683246042432
2021-12-21,42.93,49.8333,16.0804,9.8969,11.7474,1.7287,1.7983,17081990686.71,16.4009,63.7342,10.0,2.0,30.0,21.2663,20.33722341269841,13.533491004858105,19.5368253968254,4.457845549032475,33.87071441755652,15.07897984779292
2021-12-22,43.3,49.8333,15.0885,9.9822,11.7453,1.7436,1.7981,17229214925.1,16.4009,63.7342,10.0,2.0,30.0,21.2663,20.36168630952381,13.512781380874422,19.47167142857143,4.462425716183516,33.874467690398234,15.009245712387914
2021-12-23,43.48,49.8333,14.612,10.0237,11.7453,1.7509,1.7978,17300837527.56,16.4009,63.7342,10.0,2.0,30.0,21.2663,20.3849125,13.492763845805264,19.41418968253969,4.4781037658691565,33.87767634580526,14.936085916670528
2021-12-27,43.93,49.8333,13.438,10.1275,11.7314,1.769,1.7955,17479894033.71,16.4009,63.7342,10.0,2.0,30.0,21.2663,20.40663234126984,13.472698187229604,19.333916666666667,4.493955774001212,33.879330528499445,14.839960892665456
2021-12-28,44.27,49.8333,12.5667,10.2059,11.7255,1.7827,1.7952,17615181171.69,16.4009,63.7342,10.0,2.0,30.0,21.2663,20.428439087301584,13.4510359326023,19.250006349206352,4.520956687901157,33.879475019903886,14.729049661305194
2021-12-29,44.6,49.8333,11.7339,10.2819,11.7196,1.796,1.7955,17746489276.2,16.4009,63.7342,10.0,2.0,30.0,21.2663,20.44939523809524,13.429185314476566,19.15168412698413,4.548770169905804,33.878580552571805,14.602913957078322
2021-12-30,44.33,49.8333,12.4144,10.2197,11.7196,1.7851,1.7948,17639055372.51,16.4009,63.7342,10.0,2.0,30.0,21.2663,20.4724503968254,13.405328191761145,19.08366746031746,4.585073723356207,33.877778588586544,14.498593736961254
2021-12-31,44.45,49.8333,12.1109,10.2474,11.7189,1.7899,1.7947,17686803774.15,16.4009,63.7342,10.0,2.0,30.0,21.2663,20.49725357142857,13.378188253630196,19.002549206349208,4.617447477188911,33.875441825058765,14.385101729160295
2022-01-03,44.55,50.1667,12.6076,10.2759,11.7161,1.794,1.794,17726594108.85,16.4009,63.7317,10.0,2.0,30.0,21.2663,20.51858968253968,13.356954539504487,18.90760634920635,4.625028675417942,33.87554422204417,14.282577673788408
2022-01-04,45.13,50.25,11.345,10.4104,11.7137,1.8083,1.794,17957378050.11,16.6266,63.7672,10.0,2.0,30.0,21.2663,20.53750833333333,13.337141149228442,18.808217460317465,4.652056872929607,33.87464948256178,14.15616058738786
2022-01-05,44.6,50.4167,13.0419,10.2571,11.7112,1.7838,1.794,17746489276.2,16.4115,63.4546,11.0,2.0,30.0,21.2663,20.558108928571432,13.317475429636993,18.685711111111107,4.598316809080739,33.87558435820843,14.087394302030368
2022-01-06,44.86,50.4167,12.3868,10.3169,11.7103,1.7942,1.794,17849944146.42,16.4115,63.5432,11.0,2.0,30.0,21.2663,20.57535992063492,13.301205954010111,18.5813126984127,4.590749570533812,33.87656587464503,13.990563127878886
2022-01-07,45.07,50.4167,11.8631,10.3652,11.7083,1.8026,1.794,17933503849.29,16.4115,63.5363,11.0,2.0,30.0,21.2663,20.59567718253968,13.280003144949749,18.469642063492063,4.581597707391542,33.87568032748943,13.888044356100522
2022-01-10,46.02,50.4167,9.5539,10.5837,11.7083,1.8406,1.7933,18311512028.94,16.4115,63.5363,11.0,2.0,30.0,21.2663,20.61108849206349,13.262627575224718,18.319629365079365,4.561418473976022,33.873716067288214,13.758210891103342
2022-01-11,46.37,50.6667,9.2661,10.6549,11.7075,1.8539,1.7936,18450778200.39,16.4365,63.073,11.0,2.0,30.0,21.2663,20.62666845238095,13.244631119783635,18.17300396825397,4.5530776321498285,33.87129957216459,13.61992633610414
2022-01-12,46.47,51.1667,10.107,10.6685,11.7067,1.8579,1.794,18490568535.09,16.4365,63.155,11.0,2.0,30.0,21.2663,20.643824603174604,13.225341127311106,18.039191269841268,4.540288425534456,33.86916573048571,13.498902844306812
2022-01-13,46.74,51.3333,9.8273,10.6832,11.7067,1.8686,1.794,18598002438.78,16.4365,63.2247,11.0,2.0,30.0,21.2663,20.6621625,13.203862934548953,17.905805555555556,4.532638748549004,33.86602543454895,13.373166807006552
2022-01-14,47.41,51.75,9.1542,10.8269,11.7067,1.8954,1.794,18864597681.27,16.4366,63.4203,11.0,2.0,30.0,21.2663,20.681449007936507,13.179870981386816,17.732684920634924,4.445501806042801,33.86131998932332,13.287183114592125
2022-01-18,46.59,51.75,11.0753,10.6397,11.6966,1.8626,1.7936,18538316936.73,16.4366,63.4203,11.0,2.0,30.0,21.2663,20.707211507936503,13.148278220672715,17.604164285714287,4.401464258747684,33.85548972860922,13.202700026966603
2022-01-19,45.92,51.75,12.696,10.4867,11.6926,1.8359,1.794,18271721694.24,16.4225,63.4203,11.0,2.0,30.0,21.2663,20.73745575396825,13.112163114455424,17.503992857142855,4.368010636492041,33.84961886842368,13.135982220650812
2022-01-20,45.63,51.75,13.4122,10.4204,11.6856,1.8243,1.794,18156329723.61,16.4225,63.4203,11.0,2.0,30.0,21.2663,20.77052400793651,13.072492931162994,17.40037619047619,4.308111386181608,33.8430169390995,13.092264804294585
2022-01-21,45.19,51.75,14.5165,10.3199,11.6788,1.8067,1.794,17981252250.93,16.4225,63.4203,11.0,2.0,30.0,21.2663,20.80476488095238,13.033329409970548,17.315944444444447,4.258886096763794,33.838094290922925,13.057058347680654
2022-01-24,45.7,51.75,13.2385,10.4364,11.6684,1.8271,1.7933,18184182957.9,16.4225,63.4203,11.0,2.0,30.0,21.2663,20.835397817460315,12.997245004836984,17.225988095238094,4.223936491730931,33.8326428222973,13.002051603507162
2022-01-25,45.25,51.75,14.3646,10.3336,11.666,1.8091,1.7936,18005126451.75,16.4225,63.4203,11.0,2.0,30.0,21.2663,20.86634861111111,12.963113106035838,17.140350793650793,4.17094788405207,33.82946171714695,12.969402909598724
2022-01-26,45.03,51.75,14.9234,10.2834,11.6647,1.8003,1.794,17917587715.41,16.4225,63.4203,11.0,2.0,30.0,21.2663,20.898890674603173,12.92744714683323,17.046881746031744,4.086091927588416,33.826337821436404,12.960789818443327
2022-01-27,44.78,51.75,15.565,10.2263,11.6616,1.7903,1.7933,17818111878.66,16.4225,63.4203,11.0,2.0,30.0,21.2663,20.930358134920635,12.895017979948436,16.969996825396823,4.021081829556437,33.82537611486907,12.948914995840386
2022-01-28,45.38,51.75,14.037,10.3633,11.6562,1.8143,1.7933,18056853886.86,16.4225,63.4203,11.0,2.0,30.0,21.2663,20.9603503968254,12.861259781310116,16.893729365079363,3.984398155487213,33.821610178135515,12.90933120959215
2022-01-31,46.32,51.75,11.7228,10.578,11.6264,1.8519,1.7919,18430883033.04,16.4225,63.4203,11.0,2.0,30.0,21.2663,20.98432876984127,12.832660921882452,16.804351587301586,3.972972980139253,33.81698969172372,12.831378607162332
2022-02-01,47.32,51.75,9.3618,10.8064,11.6264,1.8918,1.7926,18828786380.04,16.4225,63.4203,11.0,2.0,30.0,21.2663,21.00592341269841,12.80383753195341,16.69946111111111,3.993729677621495,33.80976094465183,12.705731433489614
2022-02-02,47.94,51.75,7.9474,10.948,11.6218,1.9166,1.7933,19075486455.18,16.4225,63.4203,11.0,2.0,30.0,21.2663,21.02553908730159,12.77615889199093,16.58531904761905,4.036826972040471,33.80169797929252,12.548492075578578
2022-02-03,47.79,51.75,8.2863,10.9137,11.616,1.9106,1.7933,19015800953.13,16.4225,63.4203,11.0,2.0,30.0,21.2663,21.049444444444443,12.740910050515083,16.487705555555557,4.0877058525348975,33.79035449495953,12.39999970302066
2022-02-04,47.64,51.75,8.6272,10.8794,11.6145,1.9046,1.7933,18956115451.08,16.4225,63.4203,11.0,2.0,30.0,21.2663,21.07504761904762,12.702823682308228,16.406711904761906,4.141623634520201,33.777871301355844,12.265088270241703
2022-02-07,47.59,51.75,8.7413,10.868,11.5925,1.9026,1.7919,18936220283.73,16.4225,63.4203,11.0,2.0,30.0,21.2663,21.100918253968253,12.664266017008885,16.32569285714286,4.191033731788347,33.76518427097714,12.134659125354514
2022-02-08,48.2,51.75,7.3651,11.0073,11.5873,1.927,1.7926,19178941325.4,16.4225,63.4203,11.0,2.0,30.0,21.2663,21.126615674603176,12.623079520754352,16.239307936507938,4.262624559223543,33.74969519535753,11.976683377284395
2022-02-09,48.26,53.8333,11.5485,9.5504,11.5864,1.727,1.7919,18766836182.28,7.9023,-14.1163,1.0,2.0,30.0,21.2663,21.16441884920635,12.56556446670739,16.202850793650796,4.283057577754304,33.72998331591374,11.919793215896492
2022-02-10,47.39,54.4167,14.8274,9.3536,11.585,1.7034,1.7918,18428519823.42,8.2988,-1.1594,2.0,2.0,31.5,21.2663,21.196116071428573,12.529265368707062,16.195514285714285,4.284627790596692,33.725381440135635,11.910886495117596
2022-02-11,46.56,54.5,17.0533,9.1796,11.5825,1.6571,1.7911,18105758239.68,9.9177,7.2078,4.0,2.0,31.5,21.2663,21.235469246031744,12.484876536880096,16.20320476190476,4.285296151854192,33.72034578291184,11.917908610050567
2022-02-14,46.42,54.5,17.4063,9.152,11.5803,1.6521,1.7899,18051316526.76,9.9177,7.2078,4.0,2.0,31.5,21.2663,21.270407936507937,12.44935149707444,16.21694761904762,4.286364158467348,33.719759433582375,11.930583460580271
2022-02-15,47.68,54.5,14.3037,9.4004,11.5759,1.697,1.7886,18541291943.04,9.9177,7.2078,4.0,2.0,31.5,21.2663,21.300058928571428,12.414810610485914,16.208038095238095,4.289186499407125,33.71486953905734,11.918851595830969
2022-02-16,47.65,54.5,14.3757,9.3945,11.5724,1.6959,1.7872,18529625861.7,9.9177,7.2078,4.0,2.0,31.5,21.2663,21.33000992063492,12.379741440613431,16.19486507936508,4.2922683348236745,33.70975136124835,11.902596744541404
2022-02-17,46.97,54.5,16.0315,9.2493,11.5724,1.6717,1.787,18265194684.66,9.9177,7.2125,4.0,2.0,31.5,21.2663,21.36209464285714,12.34489466863417,16.19439126984127,4.292283164638882,33.70698931149131,11.902108105202387
2022-02-18,47.1,54.5,15.7113,9.2749,11.5724,1.6763,1.7852,18315747703.8,9.9177,7.2125,4.0,2.0,31.5,21.2663,21.390264285714288,12.31567704199236,16.201005555555557,4.290880153298167,33.70594132770665,11.91012540225739
2022-02-22,46.83,55.0,17.4461,9.1526,11.5685,1.6645,1.7843,18210752971.74,9.7759,10.4554,5.0,2.0,31.5,21.2663,21.41539007936508,12.294627418243287,16.221388095238094,4.290644582504632,33.71001749760837,11.930743512733462
2022-02-23,46.29,55.0,18.8162,9.047,11.5682,1.6453,1.7842,18000763507.62,9.7759,10.4554,5.0,2.0,31.5,21.2663,21.437333134920635,12.28006223471938,16.25134285714286,4.295516420705171,33.717395369640016,11.955826436437688
2022-02-24,45.93,55.0,19.7474,8.9767,11.5623,1.6325,1.784,17860770531.54,9.7759,10.4554,5.0,2.0,31.5,21.2663,21.458392063492063,12.268015681114182,16.28955634920635,4.305096273013945,33.72640774460625,11.984460076192406
2022-02-25,47.54,55.0,15.692,9.2913,11.5545,1.6898,1.7839,18486850230.12,9.7759,10.4554,5.0,2.0,31.5,21.2663,21.46420714285714,12.264579110983403,16.28037777777778,4.3051279010572285,33.728786253840546,11.97524987672055
2022-02-28,47.11,55.0,16.748,9.2073,11.5377,1.6745,1.7833,18319636397.58,9.7759,10.4554,5.0,2.0,31.5,21.2663,21.460287103174604,12.265772462456944,16.28757619047619,4.305145636847581,33.726059565631545,11.98243055362861
2022-03-01,45.83,55.0,20.0087,8.9571,11.5358,1.629,1.7828,17821883593.74,9.7759,10.4554,5.0,2.0,31.5,21.2663,21.472559325396823,12.261209846803355,16.309509523809524,4.3170862070692735,33.733769172200184,11.99242331674025
2022-03-02,47.12,55.0,16.7233,9.2092,11.534,1.6748,1.7828,18323525091.36,9.7759,10.4554,5.0,2.0,31.5,21.2663,21.473592063492063,12.26078701575967,16.301972222222222,4.315515378735363,33.73437907925173,11.98645684348686
2022-03-03,46.56,55.0,18.1271,9.0998,11.534,1.6549,1.7828,18105758239.68,9.7759,10.4554,5.0,2.0,31.5,21.2663,21.48522400793651,12.25481242751422,16.291038095238093,4.309076044533948,33.74003643545073,11.981962050704144
2022-03-04,46.02,55.0,19.5133,8.9943,11.5212,1.6357,1.7824,17895768775.56,9.7759,10.4554,5.0,2.0,31.5,21.2663,21.48927242063492,12.253821295467189,16.27379126984127,4.291622170993431,33.74309371610211,11.982169098847836
2022-03-07,44.27,55.0,24.2376,8.6522,11.5002,1.5735,1.7814,17215247364.06,9.7759,10.4554,5.0,2.0,31.5,21.2663,21.50000277777778,12.253855437754083,16.28963015873016,4.317429721790775,33.753858215531864,11.972200436939383
2022-03-08,44.07,55.0,24.8015,8.6131,11.4986,1.5664,1.7813,17137473488.46,9.7759,10.4554,5.0,2.0,31.5,21.2663,21.48579801587302,12.245852096611442,16.29924761904762,4.335134765512311,33.73165011248446,11.964112853535308
2022-03-09,45.56,55.0,20.7199,8.9044,11.497,1.6194,1.7809,17716888861.68,9.7759,10.4554,5.0,2.0,31.5,21.2663,21.47166170634921,12.242608918648482,16.300275396825395,4.336175480779005,33.71427062499769,11.96409991604639
2022-03-10,45.2,55.0,21.6814,8.834,11.4886,1.6066,1.7801,17576895885.6,9.7759,10.4554,5.0,2.0,31.5,21.2663,21.44564742063492,12.228168480061598,16.303877777777778,4.340488036705253,33.67381590069652,11.963389741072524
2022-03-11,45.73,55.0,20.2712,8.9376,11.4764,1.6254,1.7796,17782996655.94,9.7759,10.4554,5.0,2.0,31.5,21.2663,21.37150515873016,12.121099833485925,16.281957936507936,4.313120655012529,33.49260499221608,11.968837281495407
2022-03-14,46.33,55.0,18.7136,9.0548,11.4355,1.6468,1.7789,18016318282.74,9.7759,10.4554,5.0,2.0,31.5,21.2663,21.316422222222226,12.069762713201268,16.27093095238095,4.305042088406743,33.386184935423486,11.965888863974207
2022-03-15,46.81,55.0,17.4963,9.1487,11.4232,1.6638,1.7788,18202975584.18,9.7759,10.4554,5.0,2.0,31.5,21.2663,21.19992380952381,11.819627427019288,16.234946825396825,4.275363346723767,33.019551236543094,11.95958347867306
2022-03-16,46.65,55.0,17.8992,9.1174,11.421,1.6581,1.7787,18140756483.7,9.7759,10.4554,5.0,2.0,31.5,21.2663,21.118701587301587,11.700543128984968,16.204129365079364,4.2489711930878045,32.819244716286555,11.95515817199156
2022-03-17,46.5,55.0,18.2796,9.0881,11.4162,1.6528,1.7779,18082426077.0,9.7759,10.4554,5.0,2.0,31.5,21.2663,21.006937103174604,11.455040166316314,16.171888888888887,4.217320385708771,32.46197726949092,11.954568503180116
2022-03-18,45.84,55.0,19.9825,8.9591,11.4046,1.6293,1.7771,17825772287.52,9.7759,10.4554,5.0,2.0,31.5,21.2663,20.89304603174603,11.175342987857055,16.15662222222222,4.19984201367402,32.06838901960309,11.956780208548205
2022-03-21,47.15,55.0,16.649,9.2151,11.3829,1.6759,1.7759,18335191172.7,9.7759,10.4554,5.0,2.0,31.5,21.2663,20.75776904761905,10.80643391813927,16.103692857142857,4.150601689551504,31.56420296575832,11.953091167591351
2022-03-22,47.11,55.0,16.748,9.2073,11.377,1.6745,1.7756,18319636397.58,9.7759,10.4554,5.0,2.0,31.5,21.2663,20.57996170634921,10.109907908307294,16.048516666666668,4.09464177986295,30.6898696146565,11.953874886803716
2022-03-23,46.6,55.0,18.0258,9.1076,11.3724,1.6564,1.7754,18121313014.8,9.7759,10.4554,5.0,2.0,31.5,21.2663,20.44211607142857,9.659244500436028,16.01077777777778,4.053804756046035,30.1013605718646,11.956973021731743
2022-03-24,47.13,55.0,16.6985,9.2112,11.3609,1.6752,1.7749,18327413785.14,9.7759,10.4554,5.0,2.0,31.5,21.2663,20.31739880952381,9.293334273518932,15.962005555555557,4.007642373511904,29.61073308304274,11.954363182043654
2022-03-25,47.67,55.0,15.3765,9.3167,11.3449,1.6944,1.7749,18537403249.26,9.7759,10.4554,5.0,2.0,31.5,21.2663,20.237488095238096,9.161118516655003,15.90721984126984,3.9675721232615824,29.3986066118931,11.939647718008258
2022-03-28,47.6,55.0,15.5462,9.3031,11.3208,1.6919,1.7715,18510182392.8,9.7759,10.4554,5.0,2.0,31.5,21.2663,20.15153988095238,8.999789533228075,15.858219047619048,3.933181376701758,29.151329414180456,11.925037670917288
2022-03-29,48.56,55.0,13.2619,9.4907,11.3134,1.726,1.7712,18883496995.68,9.7759,10.4554,5.0,2.0,31.5,21.2663,20.07623134920635,8.897540879903351,15.76668015873016,3.856987619041891,28.9737722291097,11.909692539688267
2022-03-30,48.44,55.0,13.5425,9.4672,11.2329,1.7218,1.7704,18836832670.32,9.7759,10.4554,5.0,2.0,31.5,21.2663,19.988424206349205,8.741544087225957,15.68884365079365,3.801286694928263,28.72996829357516,11.887556955865389
2022-03-31,48.42,55.25,14.1057,9.4633,11.2236,1.7283,1.7698,18829055282.76,9.7624,10.4575,5.0,2.0,31.5,21.2663,19.89109226190476,8.530439099547708,15.598553968253968,3.7005857934039854,28.421531361452463,11.897968174849982
2022-04-01,48.62,55.25,13.6364,9.5024,11.2174,1.7355,1.7695,18906829158.36,9.7624,10.4474,5.0,2.0,31.5,21.2663,19.79651904761905,8.332349571241554,15.504539682539685,3.596489195514424,28.128868618860604,11.90805048702526
2022-04-04,47.08,55.25,17.3534,9.2014,11.184,1.6805,1.769,18307970316.24,9.7624,10.4474,5.0,2.0,31.5,21.2663,19.68752242063492,7.996888800633304,15.44028650793651,3.488084466989841,27.684411221268224,11.952202040946668
2022-04-05,47.49,55.25,16.3403,9.2816,11.1826,1.6951,1.769,18467406761.22,9.7624,10.4474,5.0,2.0,31.5,21.2663,19.607120833333333,7.824226781824591,15.403442857142856,3.453419641188697,27.431347615157925,11.95002321595416
2022-04-06,47.3,55.25,16.8076,9.2444,11.1813,1.6883,1.7689,18393521579.4,9.7624,10.4474,5.0,2.0,31.5,21.2663,19.546386904761903,7.72611164885693,15.379672222222222,3.433144798242789,27.27249855361884,11.946527423979433
2022-04-07,47.36,55.5833,17.3634,9.187,11.1794,1.69,1.7684,18416853742.08,9.7962,11.134,5.0,2.0,31.5,21.2663,19.495013690476192,7.653893905827304,15.378900793650793,3.4326843620814698,27.14890759630349,11.946216431569322
2022-04-08,48.32,55.5833,15.0317,9.4,11.1751,1.7242,1.7679,18790168344.96,9.7962,11.0967,5.0,2.0,31.5,21.2663,19.464674603174604,7.641184433035956,15.356278571428572,3.42544046913918,27.10585903621056,11.930838102289393
2022-04-11,48.02,55.8333,16.2709,9.3486,11.1524,1.7026,1.7666,18673507531.56,10.3526,17.1744,4.0,2.0,31.5,21.2663,19.43598115079365,7.625925812020365,15.325325396825397,3.39910525921001,27.061906962814017,11.926220137615386
2022-04-12,47.69,56.1667,17.7746,9.2844,11.1471,1.6909,1.7663,18545180636.82,10.3526,17.1721,4.0,2.0,31.5,21.2663,19.41799900793651,7.619120257845857,15.32218253968254,3.396635611120512,27.03711926578237,11.925546928562028
2022-04-13,47.83,56.1667,17.4299,9.3116,11.1418,1.6958,1.7656,18599622349.74,10.3526,17.1721,4.0,2.0,31.5,21.2663,19.38475178571429,7.591055809709166,15.337838095238096,3.401805424602714,26.97580759542345,11.936032670635385
2022-04-14,48.98,56.1667,14.6727,9.5142,11.1287,1.7366,1.7647,19046822134.44,10.3525,17.1712,4.0,2.0,31.5,21.2663,19.33739047619048,7.545617220838023,15.35280634920635,3.39463210535084,26.883007697028503,11.958174243855511
2022-04-18,48.64,56.1667,15.4743,9.4481,11.1028,1.7246,1.7634,18914606545.92,10.3525,17.1712,4.0,2.0,31.5,21.2663,19.298301785714287,7.514373523999647,15.367180952380952,3.3912528766981667,26.81267530971393,11.975928075682786
2022-04-19,48.92,56.1667,14.8134,9.5025,11.1006,1.7345,1.7627,19023489971.76,10.3525,17.1712,4.0,2.0,31.5,21.2663,19.259326587301587,7.486484547466185,15.37375476190476,3.3893546166927484,26.74581113476777,11.98440014521201
2022-04-20,49.96,56.1667,12.4233,9.7046,11.0923,1.7714,1.7627,19427914124.88,10.3525,17.1712,4.0,2.0,31.5,21.2663,19.20073531746032,7.423814833676392,15.355338095238094,3.399095402176357,26.62455015113671,11.956242693061736
2022-04-21,49.25,56.1667,14.0441,9.5666,11.0754,1.7462,1.762,19151816866.5,10.3525,17.1712,4.0,2.0,31.5,21.2663,19.14094841269841,7.343170501148874,15.36195873015873,3.3956938753960846,26.484118913847283,11.966264854762644
2022-04-22,47.31,56.1667,18.7206,9.1898,11.0567,1.6774,1.762,18397410273.18,10.3525,17.1712,4.0,2.0,31.5,21.2663,19.08289365079365,7.229498134068201,15.41134761904762,3.398953586166422,26.31239178486185,12.012394032881195
2022-04-25,46.73,56.1667,20.1941,9.0771,11.0192,1.6568,1.7614,18171866033.94,10.3525,17.1712,4.0,2.0,31.5,21.2663,19.020061904761903,7.08012081592453,15.47863015873016,3.409120839237364,26.10018272068644,12.069509319492797
2022-04-26,46.51,56.1667,20.7626,9.0344,11.0106,1.649,1.7614,18086314770.78,10.3525,17.1712,4.0,2.0,31.5,21.2663,18.970704166666664,6.980188632961958,15.553084126984126,3.421342060429696,25.950892799628622,12.13174206655443
2022-04-27,47.93,56.1667,17.1849,9.3102,11.009,1.679,1.7613,18414435818.59,10.3525,17.1714,4.0,2.0,31.5,21.2663,18.91541527777778,6.882885459879526,15.595251587301588,3.4083246524878965,25.798300737657307,12.186926934813693
2022-04-28,46.76,56.6667,21.1863,9.0289,10.9878,1.6631,1.7596,17964928413.88,10.6495,18.4548,4.0,2.0,35.5,21.2663,18.87740396825397,6.81689267210839,15.65197619047619,3.44153116236187,25.69429664036236,12.210445028114322
2022-04-29,45.67,56.6667,24.0786,8.8482,10.9644,1.6345,1.7584,17546156558.21,10.5772,18.6645,4.0,2.0,35.5,21.2663,18.827169841269843,6.68352804636913,15.703101587301587,3.518245263058948,25.510697887638973,12.184856324242642
2022-05-02,45.88,56.6667,23.5107,8.8889,10.9502,1.642,1.7572,17626837374.44,10.5772,18.6645,4.0,2.0,35.5,21.2663,18.76400853174603,6.485222251975695,15.74480873015873,3.579363503194728,25.249230783721725,12.165445226964003
2022-05-03,46.43,56.3333,21.3295,9.0428,10.948,1.667,1.7572,17838144274.09,10.4711,17.8436,4.0,2.0,35.5,21.2663,18.705455357142856,6.326314363442562,15.789129365079363,3.613775486486405,25.03176972058542,12.17535387859296
2022-05-04,47.31,56.3333,19.0727,9.2141,10.9352,1.6986,1.7571,18176235313.53,10.4711,17.8436,4.0,2.0,35.5,21.2663,18.655040277777776,6.220856064188897,15.82308015873016,3.624439010628048,24.87589634196668,12.19864114810211
2022-05-05,46.45,56.3333,21.2773,9.0465,10.9217,1.6677,1.7569,17845828161.35,10.4711,17.8438,4.0,2.0,35.5,21.2663,18.60508253968254,6.09701997571162,15.876423015873016,3.6549741614004985,24.702102515394163,12.221448854472516
2022-05-06,46.54,56.3333,21.0428,9.064,10.9198,1.671,1.7567,17880405654.02,10.4711,17.8438,4.0,2.0,35.5,21.2663,18.56982976190476,6.030969872530134,15.90484126984127,3.681227879352542,24.60079963443489,12.223613390488728
2022-05-09,45.22,56.3333,24.5761,8.8069,10.9124,1.6236,1.7558,17373269094.86,10.4711,17.8438,4.0,2.0,35.5,21.2663,18.55857103174603,6.014394584042352,15.98168015873016,3.760165573801559,24.572965615788384,12.2215145849286
2022-05-10,45.79,56.3333,23.0253,8.9179,10.9112,1.644,1.7556,17592259881.77,10.4711,17.8438,4.0,2.0,35.5,21.2663,18.537175992063496,5.979114346967577,16.03037857142857,3.8113993608983527,24.51629033903108,12.218979210530218
2022-05-11,45.73,56.3333,23.1867,8.9062,10.9051,1.6419,1.7554,17569208219.99,10.4711,17.8438,4.0,2.0,35.5,21.2663,18.49802757936508,5.882987410293722,16.067111904761905,3.857976847117718,24.3810149896588,12.209135057644186
2022-05-12,45.24,56.3333,24.521,8.7937,10.8908,1.6243,1.7553,17380952982.12,10.4711,17.8483,4.0,2.0,35.5,21.2663,18.443548611111108,5.696506561911243,16.10857619047619,3.920531408274623,24.14005517302235,12.188044782201564
2022-05-13,46.02,56.1667,22.0485,8.9453,10.8809,1.6523,1.7551,17680624585.26,10.4711,17.8483,4.0,2.0,35.5,21.2663,18.39221388888889,5.544897111630954,16.123796825396827,3.939946030288875,23.93711100051984,12.183850795107952
2022-05-16,46.11,56.1667,21.8102,8.9628,10.8696,1.6555,1.7532,17715202077.93,10.4711,17.8483,4.0,2.0,35.5,21.2663,18.342066666666664,5.397214747336443,16.149320634920635,3.966405975032058,23.73928141400311,12.182914659888576
2022-05-17,46.88,56.1667,19.8095,9.1125,10.868,1.6832,1.7525,18011031737.44,10.4711,17.8483,4.0,2.0,35.5,21.2663,18.306925793650795,5.329327681867968,16.166519841269842,3.977614762080711,23.636253475518764,12.188905079189132
2022-05-18,45.82,56.1667,22.5812,8.9064,10.8554,1.6451,1.7518,17603785712.66,10.4711,17.847,4.0,2.0,35.5,21.2663,18.27638531746032,5.260054884362221,16.21293412698413,4.0181918134237,23.536440201822536,12.19474231356043
2022-05-19,45.22,56.1667,24.2077,8.7895,10.8414,1.6236,1.7509,17373269094.86,10.4711,17.8471,4.0,2.0,35.5,21.2663,18.27238353174604,5.254760509745154,16.260388095238095,4.077060921783773,23.527144041491187,12.183327173454323
2022-05-20,45.42,56.1667,23.6607,8.8282,10.8402,1.621,1.7505,17450107967.46,10.9366,17.8549,4.0,2.0,35.5,21.2663,18.275599007936503,5.257565709686202,16.292692063492062,4.119560530107029,23.533164717622707,12.173131533385032
2022-05-23,46.31,55.9167,20.7443,8.9933,10.8315,1.6652,1.7501,17792040950.53,10.3659,17.9303,4.0,2.0,35.5,21.2663,18.27679543650793,5.258059705775618,16.310650793650794,4.134085307465071,23.53485514228356,12.176565486185725
2022-05-24,46.13,55.9167,21.2155,8.9583,10.8269,1.6588,1.7498,17722885965.19,10.3659,17.9303,4.0,2.0,35.5,21.2663,18.287767460317458,5.258411519037909,16.35525238095238,4.15656435559387,23.546178979355368,12.198688025358509
2022-05-25,46.41,55.9167,20.4842,9.0127,10.8254,1.6688,1.7494,17830460386.83,10.3659,17.9303,4.0,2.0,35.5,21.2663,18.30135436507937,5.255215072053544,16.407264285714287,4.166972329592971,23.55656943713291,12.240291956121316
2022-05-26,47.07,55.9167,18.7948,9.1409,10.8237,1.6926,1.7493,18084028666.41,10.3659,17.9303,4.0,2.0,35.5,21.2663,18.30475694444445,5.254977813542662,16.44690079365079,4.165731604306566,23.55973475798711,12.281169189344226
2022-05-27,47.46,55.9167,17.8186,9.2166,10.8203,1.7066,1.7489,18233864467.98,10.3659,17.9303,4.0,2.0,35.5,21.2663,18.29947261904762,5.25412317665949,16.437823809523806,4.161450630814663,23.55359579570711,12.276373178709145
2022-05-31,47.46,55.9167,17.8186,9.2166,10.8096,1.7066,1.7484,18233864467.98,10.3659,17.9303,4.0,2.0,35.5,21.2663,18.29955793650793,5.254115002118129,16.425126984126983,4.154719066476724,23.553672938626065,12.27040791765026
2022-06-01,46.77,55.9167,19.5568,9.0826,10.808,1.6818,1.7483,17968770357.51,10.3659,17.9303,4.0,2.0,35.5,21.2663,18.3129376984127,5.248699906187755,16.394539682539683,4.116893178212411,23.561637604600456,12.277646504327272
2022-06-02,47.47,55.9167,17.7938,9.2185,10.7987,1.707,1.7477,18237706411.61,10.3659,17.9303,4.0,2.0,35.5,21.2663,18.336450396825395,5.219640480089666,16.358376190476193,4.084039230809097,23.55609087691506,12.274336959667096
2022-06-03,46.72,55.9167,19.6847,9.0729,10.7888,1.68,1.7472,17949560639.36,10.3659,17.9303,4.0,2.0,35.5,21.2663,18.36653551587301,5.183429467359344,16.373039682539684,4.092698638855772,23.54996498323236,12.280341043683912
2022-06-06,47.1,55.9167,18.7191,9.1467,10.785,1.6937,1.7462,18095554497.3,10.3659,17.9303,4.0,2.0,35.5,21.2663,18.40768849206349,5.10294670025777,16.379154761904765,4.095646142519679,23.51063519232126,12.283508619385085
2022-06-07,47.42,55.9167,17.918,9.2088,10.7834,1.7052,1.7462,18218496693.46,10.3659,17.9303,4.0,2.0,35.5,21.2663,18.45090555555556,5.0052556457638975,16.39822380952381,4.0971850317099126,23.456161201319453,12.301038777813895
2022-06-08,46.81,55.9167,19.4546,9.0904,10.7709,1.6832,1.7461,17984138132.03,10.3659,17.9303,4.0,2.0,35.5,21.2663,18.486452380952382,4.948202437288831,16.43413968253968,4.104033643898632,23.434654818241214,12.330106038641048
2022-06-09,45.81,55.9167,22.0622,8.8962,10.7554,1.6473,1.746,17599943769.03,10.3659,17.9303,4.0,2.0,35.5,21.2663,18.514560714285714,4.928117368175841,16.491381746031745,4.131961543120084,23.442678082461555,12.35942020291166
2022-06-10,45.23,55.9167,23.6275,8.7835,10.7525,1.6264,1.7459,17377111038.49,10.3659,17.9303,4.0,2.0,35.5,21.2663,18.527687500000003,4.932914935832236,16.562723809523806,4.177068460696777,23.46060243583224,12.38565534882703
2022-06-13,43.99,55.9167,27.1123,8.5427,10.7389,1.5818,1.7449,16900710028.37,10.3659,17.9303,4.0,2.0,35.5,21.2663,18.550079960317458,4.94622620015259,16.66088492063492,4.2780924076987805,23.49630616047005,12.38279251293614
2022-06-14,44.55,55.9167,25.5145,8.6515,10.7166,1.602,1.7447,17115858871.65,10.3659,17.9303,4.0,2.0,35.5,21.2663,18.571679761904765,4.952831014556605,16.744684920634917,4.347278089123118,23.52451077646137,12.397406831511798
2022-06-15,43.99,55.9167,27.1123,8.5427,10.7072,1.5818,1.7442,16900710028.37,10.3659,17.9303,4.0,2.0,35.5,21.2663,18.5985625,4.9623541499518575,16.849507142857142,4.436566984616339,23.560916649951857,12.412940158240804
2022-06-16,42.23,55.9167,32.4099,8.201,10.6959,1.5185,1.7437,16224527949.49,10.3659,17.9303,4.0,2.0,35.5,21.2663,18.632214285714287,4.99833357893962,17.00028253968254,4.637100116099697,23.630547864653906,12.363182423582844
2022-06-17,43.4,55.9167,28.8403,8.4282,10.695,1.5606,1.7436,16674035354.2,10.3659,17.9303,4.0,2.0,35.5,21.2663,18.65758392857143,5.017633466733093,17.125790476190478,4.741515267986352,23.67521739530452,12.384275208204128
2022-06-21,43.73,55.5833,27.1056,8.4885,10.6832,1.5725,1.7424,16800819493.99,10.3659,17.9313,4.0,2.0,35.5,21.2663,18.669933531746032,5.030760150950103,17.21947380952381,4.821127332500945,23.700693682696134,12.398346477022864
2022-06-22,43.51,55.5833,27.7483,8.4458,10.6758,1.5646,1.7424,16716296734.13,10.3659,17.9313,4.0,2.0,35.5,21.2663,18.68662619047619,5.046903901514377,17.30121984126984,4.91151335530733,23.733530091990566,12.389706485962511
2022-06-23,43.58,55.5833,27.5431,8.4593,10.6646,1.5671,1.7404,16743190339.54,10.3659,17.9313,4.0,2.0,35.5,21.2663,18.70171011904762,5.061997876112688,17.39219365079365,4.994183282607722,23.763707995160303,12.398010368185927
2022-06-24,44.86,55.5833,23.9039,8.7078,10.6578,1.6131,1.7395,17234959124.18,10.3659,17.9313,4.0,2.0,35.5,21.2663,18.700288492063493,5.060432718559874,17.462157142857144,5.0233151535681735,23.76072121062337,12.43884198928897
2022-06-27,44.97,55.5833,23.6008,8.7292,10.6375,1.6171,1.7379,17277220504.11,10.3659,17.9313,4.0,2.0,35.5,21.2663,18.701947023809524,5.061904290336111,17.533496825396824,5.0462898638572975,23.76385131414564,12.487206961539528
2022-06-28,44.73,55.5833,24.264,8.6826,10.6353,1.6084,1.7376,17185013856.99,10.3659,17.9313,4.0,2.0,35.5,21.2663,18.69454503968253,5.051004578452204,17.61941746031746,5.068117264390373,23.745549618134746,12.551300195927087
2022-06-29,44.63,55.5833,24.5425,8.6632,10.6316,1.6048,1.7372,17146594420.69,10.3659,17.9313,4.0,2.0,35.5,21.2663,18.69369325396825,5.0499799911492005,17.71446349206349,5.084869667200484,23.743673245117453,12.629593824863008
2022-06-30,45.49,55.5833,22.188,8.8301,10.6058,1.6358,1.737,17477001572.87,10.3659,17.9313,4.0,2.0,35.5,21.2663,18.69059325396825,5.047348555429213,17.797432539682543,5.071777174944868,23.737941809397466,12.725655364737676
2022-07-01,45.95,55.5833,20.9647,8.9194,10.5834,1.6523,1.7369,17653730979.85,10.3659,17.9313,4.0,2.0,35.5,21.2663,18.68070476190476,5.037974278756875,17.865292063492063,5.056354250716176,23.71867904066164,12.808937812775888
2022-07-05,44.44,55.6667,25.2626,8.6096,10.5736,1.5952,1.736,17073597491.72,10.1444,17.1799,5.0,2.0,35.5,21.2663,18.67881011904762,5.035313116368904,17.969670634920636,5.07233608478084,23.714123235416523,12.897334550139796
2022-07-06,44.74,55.75,24.6089,8.6675,10.5693,1.606,1.736,17188855800.62,10.1448,17.1869,5.0,2.0,35.5,21.2663,18.67922103174603,5.035789504022225,18.06491904761905,5.083509519939281,23.715010535768258,12.981409527679766
2022-07-07,44.8,55.75,24.442,8.6791,10.556,1.6081,1.7357,17211907462.4,10.1448,17.1869,5.0,2.0,35.5,21.2663,18.67041825396825,5.021783309753876,18.16886349206349,5.078903124881938,23.69220156372213,13.089960367181552
2022-07-08,44.47,55.75,25.3654,8.641,10.5471,1.5963,1.735,17085123322.61,10.1448,17.1751,5.0,2.0,35.5,21.2663,18.664742460317463,5.012569911420749,18.266669047619047,5.098004468643911,23.67731237173821,13.168664578975136
2022-07-11,44.59,55.8333,25.2148,8.6643,10.5288,1.6061,1.7338,17131226646.17,9.966,17.0485,5.0,2.0,35.5,21.2663,18.655029365079365,4.9950598528912735,18.36847857142857,5.10772265999791,23.65008921797064,13.26075591143066
2022-07-12,44.18,55.6667,25.9998,8.6284,10.5268,1.5913,1.7332,16973706957.34,9.966,16.5021,6.0,2.0,35.5,21.2663,18.65775595238096,4.998699141091072,18.4806746031746,5.118933389821439,23.656455093472022,13.361741213353165
2022-07-13,44.21,55.6667,25.9143,8.6343,10.5249,1.5924,1.7328,16985232788.23,9.966,16.5021,6.0,2.0,35.5,21.2663,18.66275,5.004697418594761,18.610519047619047,5.098142450621917,23.66744741859476,13.512376596997129
2022-07-14,42.47,55.0833,29.6993,8.2944,10.4867,1.5297,1.7319,16316734596.61,9.966,16.4962,6.0,2.0,35.5,21.2663,18.680421825396827,5.027904335130067,18.7726873015873,5.123445196474381,23.70832616052689,13.649242105112918
2022-07-15,43.13,55.0,27.5214,8.459,10.4439,1.5535,1.7312,16570302876.19,9.966,16.3029,7.0,2.0,35.5,21.2663,18.703958531746032,5.041478956452728,18.910896825396826,5.1226948663363485,23.74543748819876,13.788201959060476
2022-07-18,43.09,55.0,27.6398,8.4093,10.4364,1.5498,1.7307,16554935101.67,10.0675,16.3673,8.0,2.0,35.5,21.2663,18.72896349206349,5.054493172148119,19.05226587301588,5.115790628931657,23.78345666421161,13.936475244084216
2022-07-19,43.88,55.0,25.3418,8.5635,10.4342,1.5782,1.7305,16858448648.44,10.0675,16.3673,8.0,2.0,35.5,21.2663,18.748442063492064,5.061032032674871,19.18073888888889,5.068270775402047,23.80947409616693,14.112468113486845
2022-07-20,43.76,55.0,25.6856,8.54,10.4319,1.5739,1.73,16812345324.88,10.0675,16.3673,8.0,2.0,35.5,21.2663,18.763643055555555,5.070349640077573,19.29669365079365,5.04843898743743,23.83399269563313,14.24825466335622
2022-07-21,43.85,55.0,25.4276,8.5576,10.4204,1.5772,1.7291,16846922817.55,10.0675,16.3673,8.0,2.0,35.5,21.2663,18.781333333333336,5.0780248940206505,19.397738095238093,5.042677403742582,23.859358227353987,14.355060691495511
2022-07-22,43.67,55.0,25.9446,8.5225,10.4138,1.5707,1.7285,16777767832.21,10.0675,16.3673,8.0,2.0,35.5,21.2663,18.80238075396825,5.085697217815669,19.49720158730159,5.047266700319722,23.88807797178392,14.449934886981868
2022-07-25,44.08,55.0,24.7731,8.6025,10.4104,1.5854,1.7272,16935287521.04,10.0675,16.3673,8.0,2.0,35.5,21.2663,18.82440535714285,5.08747388287514,19.57860317460317,5.049004222821438,23.911879240018,14.529598951781736
2022-07-26,44.24,55.0,24.3219,8.6337,10.4071,1.5912,1.727,16996758619.12,10.0675,16.3673,8.0,2.0,35.5,21.2663,18.843049206349203,5.090373607750189,19.666566666666668,5.034189092356271,23.933422814099394,14.632377574310397
2022-07-27,44.28,55.0,24.2096,8.6415,10.4038,1.5667,1.727,16735758308.64,10.0675,16.3673,8.0,2.0,35.5,21.2663,18.856021031746028,5.095710330823306,19.744701587301588,5.027636852629305,23.951731362569333,14.717064734672284
2022-07-28,43.29,55.0,27.0501,8.2768,10.4023,1.5215,1.727,16361584850.52,10.2681,17.0328,8.0,2.0,37.0,21.2663,18.87439623015873,5.108536671122529,19.84094523809524,5.050622392800315,23.98293290128126,14.790322845294924
2022-07-29,44.4,55.1667,24.2493,8.4075,10.3959,1.5398,1.7269,16781112667.2,10.5249,17.575,8.0,2.0,37.0,21.2663,18.89296984126984,5.111031779207984,19.90986825396825,5.051059021799583,24.004001620477823,14.85880923216867
2022-08-01,43.49,55.4167,27.424,8.2294,10.3819,1.506,1.726,16437175448.12,10.6186,17.6726,8.0,2.0,37.0,21.2663,18.91619523809524,5.123159045055186,20.016114285714288,5.067306135574711,24.039354283150423,14.948808150139577
2022-08-02,43.43,55.4167,27.6,8.2176,10.3793,1.5039,1.726,16414498268.84,10.6186,17.6972,8.0,2.0,37.0,21.2663,18.93590873015873,5.137428475550196,20.14212380952381,5.0568247082361255,24.073337205708924,15.085299101287683
2022-08-03,43.5,55.4167,27.3947,8.2308,10.3708,1.5064,1.7259,16440954978.0,10.6186,17.6972,8.0,2.0,37.0,21.2663,18.95614087301587,5.150631349229069,20.285242063492063,5.004188772639907,24.10677222224494,15.281053290852157
2022-08-04,43.55,55.6667,27.8225,8.2009,10.3702,1.5081,1.7259,16459852627.4,10.6186,17.7049,8.0,2.0,37.0,21.2663,18.97278075396825,5.165709535336364,20.44298095238096,4.924787096518291,24.138490289304617,15.518193855862664
2022-08-05,43.81,55.6667,27.0639,8.2498,10.3689,1.5171,1.7246,16558120404.28,10.6186,17.7525,8.0,2.0,37.0,21.2663,18.99020515873016,5.178170877646252,20.592009523809523,4.837308567051242,24.16837603637641,15.75470095675828
2022-08-08,44.15,55.6667,26.0854,8.3139,10.3633,1.5289,1.7238,16686624420.2,10.6186,17.7525,8.0,2.0,37.0,21.2663,19.009434722222224,5.186498139352494,20.730566666666665,4.740924791877503,24.19593286157472,15.98964187478916
2022-08-09,44.65,55.6667,24.6735,8.4087,10.3536,1.5462,1.7236,16875600914.2,10.6186,17.7524,8.0,2.0,37.0,21.2663,19.034179365079364,5.183705805504578,20.8570126984127,4.629760797172592,24.21788517058394,16.22725190124011
2022-08-10,45.23,55.6667,23.0747,8.5179,10.3438,1.5663,1.723,17094813647.24,10.6186,17.7524,8.0,2.0,37.0,21.2663,19.057384126984125,5.17554189652918,20.981692063492066,4.4723715370097805,24.232926023513304,16.50932052648228
2022-08-11,45.98,55.6667,21.0672,8.6591,10.3354,1.5922,1.7221,17378278388.24,10.6186,17.7524,8.0,2.0,37.0,21.2663,19.07686349206349,5.164560818509855,21.0572373015873,4.391415719127053,24.241424310573347,16.665821582460246
2022-08-12,47.04,55.6667,18.3391,8.8588,10.3336,1.629,1.7216,17778908555.52,10.6186,17.7524,8.0,2.0,37.0,21.2663,19.0892371031746,5.155280999261193,21.08510793650793,4.36261025217876,24.244518102435794,16.722497684329177
2022-08-15,46.99,55.6667,18.465,8.8493,10.3259,1.6272,1.7208,17760010906.12,10.6186,17.7524,8.0,2.0,37.0,21.2663,19.10021091269841,5.148034494063415,21.096311904761905,4.353977216543037,24.248245406761825,16.742334688218868
2022-08-16,47.51,55.6667,17.1684,8.9473,10.3229,1.6452,1.7201,17956546459.88,10.6186,17.7524,8.0,2.0,37.0,21.2663,19.10784781746032,5.142293559972321,21.09442380952381,4.355641450044676,24.25014137743264,16.738782359479135
2022-08-17,47.52,55.6667,17.1437,8.9492,10.3199,1.6456,1.7201,17960325989.76,10.6186,17.7524,8.0,2.0,37.0,21.2663,19.111966865079367,5.1398817990362495,21.11696349206349,4.327476707026304,24.251848664115617,16.789486785037187
2022-08-18,47.83,55.6667,16.3845,9.0075,10.3169,1.6563,1.7197,18077491416.04,10.6186,17.7524,8.0,2.0,37.0,21.2663,19.113278174603177,5.139099871597895,21.13290634920635,4.306089996695155,24.25237804620108,16.826816352511194
2022-08-19,47.28,55.8333,18.0907,8.904,10.316,1.6373,1.7192,17869617272.64,10.6186,17.7524,8.0,2.0,37.0,21.2663,19.11550992063492,5.1384096661783545,21.149249206349207,4.2904530315338585,24.25391958681327,16.85879617481535
2022-08-22,46.43,55.8333,20.2526,8.7439,10.3147,1.6078,1.7186,17548357232.84,10.6186,17.7524,8.0,2.0,37.0,21.2663,19.12203115079365,5.137761699862463,21.18529126984127,4.263395278301307,24.259792850656112,16.921895991539962
2022-08-23,46.49,55.8333,20.0974,8.7552,10.3104,1.6099,1.7185,17571034412.12,10.6186,17.7524,8.0,2.0,37.0,21.2663,19.124489087301587,5.137931744164475,21.206333333333333,4.251318458661819,24.262420831466063,16.955014874671512
2022-08-24,46.68,55.8333,19.6086,8.791,10.3062,1.6165,1.7184,17642845479.84,10.6186,17.7524,8.0,2.0,37.0,21.2663,19.13372757936508,5.13460008129973,21.212622222222222,4.248339544582203,24.26832766066481,16.96428267764002
2022-08-25,47.29,55.8333,18.0658,8.9052,10.305,1.6376,1.7183,17873396802.52,10.6186,17.7525,8.0,2.0,37.0,21.2663,19.136425992063494,5.1336788646182425,21.19927619047619,4.2556144393104125,24.270104856681737,16.943661751165777
2022-08-26,46.5,55.8333,20.0716,8.7564,10.3035,1.6103,1.7182,17574813942.0,10.6186,17.7525,8.0,2.0,37.0,21.2663,19.14251408730159,5.132963392734479,21.23403492063492,4.22806917183358,24.275477480036063,17.005965748801344
2022-08-29,46.24,55.8333,20.7468,8.7074,10.295,1.6012,1.7172,17476546165.12,10.6186,17.7525,8.0,2.0,37.0,21.2663,19.15655218253968,5.127643486434152,21.26577142857143,4.2090921546927245,24.28419566897384,17.056679273878707
2022-08-30,45.74,55.8333,22.0667,8.6133,10.2914,1.5839,1.7171,17287569671.12,10.6186,17.7525,8.0,2.0,37.0,21.2663,19.172929563492065,5.123721181588462,21.28210476190476,4.208168000293695,24.296650745080527,17.073936761611066
2022-08-31,45.72,55.8333,22.1201,8.6095,10.2877,1.5832,1.7166,17280010611.36,10.6186,17.7525,8.0,2.0,37.0,21.2663,19.18418630952381,5.123951970909675,21.324936507936503,4.188816654504611,24.30813828043348,17.136119853431897
2022-09-01,45.72,55.8333,22.1201,8.6095,10.2834,1.5832,1.7159,17280010611.36,10.6186,17.7525,8.0,2.0,37.0,21.2663,19.195881746031745,5.123912670184114,21.356626984126983,4.179524094638613,24.31979441621586,17.17710288948837
2022-09-02,45.5,55.8333,22.7105,8.5681,10.2819,1.5756,1.7155,17196860954.0,10.6186,17.7525,8.0,2.0,37.0,21.2663,19.20862321428572,5.124653615661543,21.382001587301588,4.1779484891985135,24.33327682994726,17.204053098103074
2022-09-06,45.04,55.8333,23.9638,8.4815,10.2759,1.5597,1.7138,17023002579.52,10.6186,17.7525,8.0,2.0,37.0,21.2663,19.223779563492062,5.127403516582932,21.37982857142857,4.1765223266032985,24.351183080075,17.203306244825274
2022-09-07,46.14,55.8333,21.0085,8.6886,10.2707,1.5978,1.7134,17438750866.32,10.6186,17.7525,8.0,2.0,37.0,21.2663,19.231261706349205,5.127250689768028,21.349725396825395,4.165316997567956,24.358512396117234,17.18440839925744
2022-09-08,46.47,55.8333,20.1491,8.7508,10.2591,1.6092,1.7126,17563475352.36,10.6186,17.7525,8.0,2.0,37.0,21.2663,19.23051051587301,5.127088103396295,21.34519523809524,4.166317747629893,24.35759861926931,17.178877490465343
2022-09-09,46.52,55.8333,20.02,8.7602,10.2571,1.6109,1.7121,17582373001.76,10.6186,17.7525,8.0,2.0,37.0,21.2663,19.233672023809525,5.127082671669871,21.332009523809525,4.167873941287963,24.3607546954794,17.16413558252156
2022-09-12,47.09,55.8333,18.5672,8.8675,10.2562,1.6307,1.7114,17797806204.92,10.6186,17.7525,8.0,2.0,37.0,21.2663,19.23100992063492,5.127079701512939,21.31848571428572,4.174103457360991,24.35808962214785,17.14438225692473
2022-09-13,47.05,55.8333,18.668,8.86,10.2559,1.6293,1.7113,17782688085.4,10.6186,17.7525,8.0,2.0,37.0,21.2663,19.22521884920635,5.126061888467082,21.31812380952381,4.174333084485145,24.35128073767343,17.143790725038667
2022-09-14,47.02,55.8333,18.7437,8.8543,10.2557,1.6283,1.7109,17771349495.76,10.6186,17.7525,8.0,2.0,37.0,21.2663,19.2219873015873,5.125850624504024,21.32802380952381,4.166668749961684,24.347837926091326,17.161355059562126
2022-09-15,47.28,55.8333,18.0907,8.9033,10.2493,1.6373,1.7097,17869617272.64,10.6186,17.7525,8.0,2.0,37.0,21.2663,19.211546428571427,5.122777998750236,21.32954365079365,4.165442786230301,24.33432442732166,17.16410086456335
2022-09-16,46.52,55.8333,20.02,8.7602,10.2493,1.6109,1.7088,17582373001.76,10.6186,17.7525,8.0,2.0,37.0,21.2663,19.207492063492065,5.121324850958145,21.343356349206346,4.15812737597083,24.32881691445021,17.185228973235517
2022-09-19,47.48,55.8333,17.5933,8.9409,10.2474,1.6442,1.7078,17945207870.24,10.6186,17.7525,8.0,2.0,37.0,21.2663,19.197110119047625,5.119278488740799,21.324394444444444,4.169813998907815,24.316388607788426,17.15458044553663
2022-09-20,46.43,55.8333,20.2526,8.7432,10.2459,1.6078,1.707,17548357232.84,10.6186,17.7525,8.0,2.0,37.0,21.2663,19.18423392857143,5.10841298758708,21.352994444444445,4.149799961777384,24.29264691615851,17.20319448266706
2022-09-21,44.8,55.8333,24.6279,8.4363,10.2444,1.5514,1.7068,16932293862.4,10.6186,17.7525,8.0,2.0,37.0,21.2663,19.174903174603177,5.094118183070599,21.41553333333333,4.139208811084394,24.26902135767377,17.276324522248938
2022-09-22,43.93,55.8333,27.0961,8.2724,10.2436,1.5213,1.7066,16603474762.84,10.6186,17.7525,8.0,2.0,37.0,21.2663,19.17144305555556,5.0881289706276265,21.48751984126984,4.158612080086559,24.259572026183186,17.32890776118328
2022-09-23,43.1,55.8333,29.5436,8.1161,10.2426,1.4925,1.7066,16289773782.8,10.6186,17.7525,8.0,2.0,37.0,21.2663,19.163045634920632,5.067428307890143,21.58946507936508,4.197535490057168,24.23047394281077,17.39192958930791
2022-09-26,41.67,55.8333,33.9892,7.8469,10.2381,1.443,1.7061,15749301009.96,10.6186,17.7525,8.0,2.0,37.0,21.2663,19.1654498015873,5.074183260771706,21.73718492063492,4.303315976984429,24.239633062359005,17.43386894365049
2022-09-27,43.1,55.8333,29.5436,8.1161,10.2368,1.4925,1.7058,16289773782.8,10.6186,17.7525,8.0,2.0,37.0,21.2663,19.16190376984127,5.066283082310369,21.8482753968254,4.322844335845149,24.22818685215164,17.525431060980246
2022-09-28,44.47,55.8333,25.5527,8.3741,10.2355,1.54,1.7058,16807569376.36,10.6186,17.7525,8.0,2.0,37.0,21.2663,19.15765297619048,5.06000407427113,21.945821428571428,4.26583721622096,24.21765705046161,17.67998421235047
2022-09-29,45.83,55.8333,21.827,8.6302,10.2347,1.587,1.7058,17321585440.04,10.6186,17.7525,8.0,2.0,37.0,21.2663,19.1425871031746,5.040654341427612,22.01157142857143,4.198594522967868,24.183241444602213,17.812976905603563
2022-09-30,45.54,55.8333,22.6028,8.5708,10.2266,1.5748,1.7058,17211979073.52,10.694,17.8853,8.0,2.0,37.0,21.2663,19.132396626984125,5.028417958125412,22.079008730158726,4.138403772200316,24.16081458510953,17.94060495795841
2022-10-03,46.33,55.8333,20.5122,8.7195,10.2201,1.6021,1.7054,17510561934.04,10.694,17.8853,8.0,2.0,37.0,21.2663,19.11935119047619,5.016253764701947,22.13357857142857,4.070970654605087,24.13560495517813,18.062607916823485
2022-10-04,48.69,55.8333,14.671,9.1636,10.2199,1.6837,1.7053,18402530985.72,10.694,17.8853,8.0,2.0,37.0,21.2663,19.09726309523809,5.011270547526179,22.11228968253968,4.103055568988961,24.10853364276427,18.009234113550722
2022-10-05,47.96,55.8333,16.4164,9.0262,10.2197,1.6585,1.7052,18126625304.48,10.694,17.8853,8.0,2.0,37.0,21.2663,19.08629583333333,5.0110767586691445,22.11289365079365,4.102204649887423,24.097372592002475,18.01068900090623
2022-10-06,48.0,55.75,16.1458,9.0339,10.2192,1.6592,1.7052,18141743424.0,10.7141,17.7751,8.0,2.0,37.0,21.2663,19.07110396825397,5.008355925590646,22.10764126984127,4.109469030018575,24.07945989384461,17.998172239822694
2022-10-07,45.67,55.75,22.0714,8.6128,10.2122,1.5787,1.7045,17261112961.96,10.711,17.6047,8.0,2.0,37.0,21.2663,19.06696309523809,5.005003059423373,22.145006349206348,4.087331194796672,24.071966154661467,18.05767515440968
2022-10-10,46.64,55.9231,19.9037,8.7949,10.206,1.6123,1.7038,17627727360.32,10.711,17.8024,9.0,2.0,37.0,21.2663,19.06780257936508,5.005108058222678,22.18367301587301,4.042296851967289,24.07291063758776,18.14137616390572
2022-10-11,46.59,55.9231,20.0324,8.7818,10.206,1.5983,1.7037,17608829710.92,11.1292,17.9024,9.0,2.0,37.0,21.2663,19.06683492063492,5.004873860279214,22.213526190476188,4.012057106336747,24.071708780914133,18.20146908413944
2022-10-12,45.56,56.0,22.9148,8.5474,10.2059,1.563,1.7036,17219538133.28,11.1292,18.107,9.0,2.0,37.0,21.2663,19.07294365079365,5.007692666482927,22.25432142857143,3.992646542444718,24.08063631727658,18.26167488612672
2022-10-13,47.53,56.0,17.8203,8.9169,10.2006,1.6306,1.7032,17964105519.64,11.1292,18.107,9.0,2.0,37.0,21.2663,19.063930555555554,5.005847125634855,22.257419841269844,3.989022532801964,24.06977768119041,18.26839730846788
2022-10-14,47.0,56.0,19.1489,8.8045,10.1968,1.6124,1.7028,17763790436.0,11.1292,18.1745,9.0,2.0,37.0,21.2663,19.055415277777776,5.002036101991883,22.29294523809524,3.940572037308258,24.05745137976966,18.35237320078697
2022-10-17,48.08,56.0,16.4725,9.0188,10.1891,1.6474,1.7023,18171979663.04,11.1879,18.2509,9.0,2.0,37.0,21.2663,19.044999206349207,5.0019377373681415,22.300867460317463,3.9277364978586986,24.04693694371735,18.373130962458763
2022-10-18,48.64,56.0,15.1316,9.1248,10.1839,1.6666,1.7022,18383633336.32,11.1898,18.5484,9.0,2.0,14.5,21.2663,19.031609325396825,5.003365714684692,22.303392857142857,3.922983224989266,24.03497504008152,18.38040963215359
2022-10-19,48.72,56.0,14.9425,9.1399,10.1787,1.6693,1.7016,18413869575.36,11.1898,18.5484,9.0,2.0,14.5,21.2663,19.01007738095238,4.997550960511164,22.323386507936508,3.878392258373968,24.007628341463544,18.44499424956254
2022-10-20,47.52,56.0,17.8451,8.9147,10.1736,1.6282,1.7006,17960325989.76,11.1898,18.5484,9.0,2.0,14.5,21.2663,18.99735654761905,4.992327326220032,22.35355317460317,3.8279337666094033,23.98968387383908,18.525619407993773
2022-10-21,48.23,56.0,16.1103,9.0359,10.1644,1.6525,1.6998,18228672611.24,11.1898,18.6331,9.0,2.0,14.5,21.2663,18.985986904761905,4.992364343267703,22.332836507936506,3.85472219482742,23.978351248029607,18.478114313109085
2022-10-24,49.34,56.0,13.4982,9.2439,10.1631,1.6906,1.6995,18648200427.92,11.1898,18.6331,9.0,2.0,14.5,21.2663,18.97569186507937,4.998328728127627,22.27969444444444,3.929866332939011,23.974020593207,18.34982811150543
2022-10-25,49.22,56.0,13.7749,9.2214,10.1621,1.6864,1.699,18602846069.36,11.1898,18.6331,9.0,2.0,14.5,21.2663,18.966908333333336,5.003578312217194,22.224236507936507,4.000123602002209,23.97048664555053,18.22411290593429
2022-10-26,48.79,56.0,14.7776,9.1408,10.1549,1.653,1.6986,18234153844.83,11.1898,18.6331,9.0,2.0,14.5,21.2663,18.94988055555556,5.003202509754767,22.20513095238095,4.030022425693549,23.953083065310324,18.175108526687403
2022-10-27,51.69,57.4615,11.1656,9.5662,10.1474,1.7129,1.6986,19317962948.13,12.0079,19.3456,11.0,2.0,15.5,21.2663,18.915044444444444,4.996138332096842,22.12560158730159,4.147453562059025,23.911182776541285,17.978148025242565
2022-10-28,56.68,59.0,4.0932,10.451,10.1474,1.8458,1.6986,21182862060.36,12.8844,19.4098,11.0,2.0,15.5,21.2663,18.868257142857143,5.024284525136947,21.966987301587302,4.443741410513904,23.892541667994088,17.523245891073397
2022-10-31,57.5,59.0,2.6087,10.6022,10.1446,1.8725,1.6984,21489318427.5,12.8844,19.4098,11.0,2.0,15.5,21.2663,18.82668253968254,5.071833071023723,21.80109841269841,4.764239745637925,23.898515610706266,17.036858667060486
2022-11-01,55.44,59.5385,7.3927,10.1172,10.1422,1.7937,1.6985,20719440236.88,13.2631,20.1033,11.0,2.0,15.5,21.2663,18.7901875,5.087806657966536,21.69048888888889,4.934033272027483,23.877994157966537,16.75645561686141
2022-11-02,56.22,59.5385,5.9027,10.2595,10.1446,1.819,1.6986,21010947512.94,13.2631,20.1033,11.0,2.0,15.5,21.2663,18.75933253968254,5.118682766088634,21.58596507936508,5.125708085286312,23.87801530577117,16.460256994078765
2022-11-03,56.53,60.4615,6.9547,10.2892,10.1446,1.819,1.6986,21126802968.81,13.504,20.4208,11.0,2.0,15.5,21.2663,18.73464285714286,5.14553469124009,21.47229365079365,5.288826709382531,23.88017754838295,16.183466941411123
2022-11-04,56.86,60.4615,6.334,10.3493,10.1446,1.8297,1.6986,21250132970.22,13.504,20.4208,11.0,2.0,15.5,21.2663,18.70924007936508,5.175062937236017,21.355557142857144,5.458005064965336,23.8843030166011,15.897552077891808
2022-11-07,58.01,60.4615,4.226,10.5586,10.142,1.8667,1.6984,21679919338.77,13.504,20.4208,11.0,2.0,15.5,21.2663,18.67913630952381,5.215021644314267,21.19404841269841,5.659321884434228,23.894157953838075,15.534726528264189
2022-11-08,57.72,60.4615,4.7497,10.5058,10.1422,1.8573,1.6985,21571538428.44,13.504,20.4208,11.0,2.0,15.5,21.2663,18.647368452380952,5.250958897742517,21.04900396825397,5.843220250545315,23.89832735012347,15.205783717708655
2022-11-09,57.56,60.4615,5.0408,10.4767,10.1446,1.8522,1.6986,21511742064.12,13.504,20.4208,11.0,2.0,15.5,21.2663,18.636284325396822,5.273768700782716,20.90498888888889,6.011310957709166,23.91005302617954,14.893677931179724
2022-11-10,58.4,60.4615,3.53,10.6103,10.1446,1.8792,1.6986,21825672976.8,13.504,20.4135,11.0,2.0,15.5,21.2663,18.62706369047619,5.296106937850423,20.738393650793647,6.198257904072572,23.923170628326616,14.540135746721074
2022-11-11,56.77,60.4615,6.5026,10.3141,10.1446,1.8268,1.6986,21216497515.29,13.504,20.4135,11.0,2.0,15.5,21.2663,18.61957023809524,5.310593665505365,20.615013492063493,6.325392330780381,23.930163903600604,14.289621161283112
2022-11-14,56.36,60.4615,7.2773,10.2396,10.142,1.8136,1.6984,21063269331.72,13.504,20.4135,11.0,2.0,15.5,21.2663,18.60712678571429,5.329811521426662,20.49967301587301,6.43497531686834,23.936938307140952,14.064697699004675
2022-11-15,56.21,60.4615,7.5636,10.2124,10.1422,1.8087,1.6985,21007210240.17,13.504,20.4135,11.0,2.0,15.5,21.2663,18.598022222222223,5.3447581232944765,20.402483333333333,6.537148544883984,23.9427803455167,13.86533478844935
2022-11-16,56.52,60.4615,6.9736,10.2687,10.1446,1.8187,1.6986,21123065696.04,13.504,20.4135,11.0,2.0,15.5,21.2663,18.594996428571427,5.350915134175412,20.27861349206349,6.642555940339178,23.94591156274684,13.636057551724312
2022-11-17,56.55,60.8333,7.5744,10.3037,10.1446,1.8197,1.6986,21134277514.35,13.504,20.3957,11.0,2.0,15.5,21.2663,18.59279623015873,5.35522498884946,20.14660317460317,6.728570267162901,23.94802121900819,13.418032907440274
2022-11-18,57.67,60.8333,5.4852,10.5078,10.1446,1.8557,1.6986,21552852064.59,13.504,20.3957,11.0,2.0,15.5,21.2663,18.57973809523809,5.379140781749171,20.002353174603176,6.846425800777268,23.958878876987267,13.155927373825907
2022-11-21,57.16,60.8333,6.4263,10.4149,10.1422,1.8393,1.6985,21362251153.32,13.504,20.3957,11.0,2.0,15.5,21.2663,18.568419642857144,5.398703167020456,19.888718253968257,6.9520212834011765,23.9671228098776,12.93669697056708
2022-11-22,57.78,61.1667,5.8614,10.5279,10.1446,1.8593,1.6986,21593962065.06,13.504,20.3957,11.0,2.0,15.5,21.2663,18.55008591269841,5.42611973820145,19.76686031746032,7.062271181007674,23.976205650899864,12.704589136452643
2022-11-23,58.05,61.1667,5.369,10.577,10.147,1.8679,1.699,21694868429.85,13.504,20.3957,11.0,2.0,15.5,21.2663,18.530909722222223,5.455569218982131,19.646898412698413,7.177425631285656,23.98647894120436,12.469472781412756
2022-11-25,58.73,61.1667,4.149,10.7009,10.1446,1.8898,1.6986,21949002978.21,13.504,20.3957,11.0,2.0,15.5,21.2663,18.513012301587302,5.48789350498661,19.530661904761907,7.308726971743847,24.00090580657391,12.221934933018058
2022-11-28,58.02,61.9167,6.7161,10.5568,10.1422,1.8462,1.6985,21683656611.54,14.0291,20.5164,11.0,2.0,15.5,21.2663,18.49351547619048,5.512308858737244,19.44254682539683,7.39593931106176,24.00582433492772,12.046607514335069
2022-11-29,58.98,61.9167,4.9791,10.7314,10.1446,1.8768,1.6986,22042434797.46,14.0291,20.5164,11.0,2.0,15.5,21.2663,18.466931944444447,5.545080181353983,19.34064603174604,7.5061231123145715,24.012012125798428,11.83452291943146
2022-11-30,59.91,61.9167,3.3495,10.9007,10.147,1.9064,1.699,22390001165.07,14.0291,20.5164,11.0,2.0,15.5,21.2663,18.43106071428571,5.584221879695813,19.212016666666663,7.640063254353256,24.015282593981524,11.571953412313407
2022-12-01,59.76,61.9167,3.6089,10.8734,10.147,1.9016,1.699,22333942073.52,14.0291,20.5164,11.0,2.0,16.0,21.2663,18.40108650793651,5.623099210070717,19.099438095238096,7.764622237681368,24.024185718007224,11.334815857556729
2022-12-02,60.6,61.9167,2.1728,11.0262,10.147,1.9283,1.699,22647872986.2,14.0291,20.5164,11.0,2.0,16.0,21.2663,18.36770456349206,5.669302830421047,18.96045476190476,7.90943967431929,24.037007393913107,11.05101508758547
2022-12-05,59.17,61.9167,4.642,10.766,10.1422,1.8828,1.6985,22113442980.09,14.0291,20.5164,11.0,2.0,16.0,21.2663,18.335454563492064,5.701033838040544,18.848731746031746,8.011637362633373,24.03648840153261,10.837094383398371
2022-12-06,60.54,61.9167,2.274,11.0153,10.1446,1.9264,1.6986,22625449349.58,14.0291,20.5164,11.0,2.0,16.0,21.2663,18.30959781746032,5.74419117559675,18.724573015873016,8.14626529668074,24.05378899305707,10.578307719192276
2022-12-07,60.15,61.9167,2.9372,10.9443,10.147,1.914,1.699,22479695711.55,14.0291,20.5164,11.0,2.0,16.0,21.2663,18.278726785714287,5.784851816249074,18.59348253968254,8.266437065145517,24.06357860196336,10.327045474537025
2022-12-08,60.56,62.4545,3.1283,11.0768,10.147,1.9301,1.699,22632923895.12,13.8422,20.3415,10.0,2.0,16.0,21.2663,18.24773888888889,5.824040417774206,18.44321349206349,8.374266492080094,24.071779306663096,10.068946999983398
2022-12-09,60.04,62.4545,4.0215,10.9817,10.147,1.9136,1.699,22438585711.08,13.8422,20.3415,10.0,2.0,16.0,21.2663,18.22112142857143,5.858309207319544,18.28761031746032,8.458889122175064,24.07943063589097,9.828721195285256
2022-12-12,60.0,62.4545,4.0908,10.9743,10.1422,1.9123,1.6985,22423636620.0,13.8422,20.3415,10.0,2.0,16.0,21.2663,18.199536904761903,5.890267307980982,18.1049,8.515195197894112,24.089804212742887,9.589704802105889
2022-12-13,59.9,63.3636,5.7823,10.956,10.1446,1.9091,1.6985,22386263892.3,13.8422,20.3415,10.0,2.0,16.0,21.2663,18.17779404761905,5.91583304112117,17.948295238095238,8.559169492139766,24.09362708874022,9.389125745955472
2022-12-14,60.32,64.2727,6.5529,10.9777,10.147,1.9225,1.6986,22543229348.64,13.8422,20.6554,10.0,2.0,16.0,21.2663,18.15633809523809,5.938347896074083,17.785125396825396,8.579018207099738,24.094685991312183,9.20610718972566
2022-12-15,60.75,64.2727,5.7987,11.0567,10.1474,1.9362,1.699,22703932077.75,13.8422,20.6532,10.0,2.0,16.0,21.2663,18.14245257936508,5.959050342316209,17.573925396825395,8.543589058880865,24.101502921681288,9.03033633794453
2022-12-16,61.03,64.2727,5.3133,11.1077,10.1474,1.9451,1.699,22808575715.31,13.8422,20.6532,10.0,2.0,16.0,21.2663,18.1305753968254,5.978649891039886,17.387203174603176,8.552479395159562,24.10922528786528,8.834723779443614
2022-12-19,60.54,64.2727,6.1657,11.0185,10.1446,1.9295,1.6985,22625449349.58,13.8422,20.6532,10.0,2.0,16.0,21.2663,18.121321230158728,5.993564106736119,17.221013492063495,8.565562621048048,24.114885336894847,8.655450871015447
2022-12-20,62.24,64.2727,3.2659,11.3279,10.1446,1.9837,1.6986,23260785720.48,13.8422,20.6532,10.0,2.0,16.0,21.2663,18.099160119047617,6.027772301144867,17.02670873015873,8.602451865062786,24.126932420192485,8.424256865095945
2022-12-21,63.36,64.2727,1.4405,11.5317,10.147,2.0194,1.699,23679360270.72,13.8422,20.6532,10.0,2.0,16.0,21.2663,18.072980753968256,6.071342915263272,16.81954523809524,8.661270194520904,24.14432366923153,8.158275043574337
2022-12-22,62.85,64.2727,2.2636,11.4389,10.147,2.0031,1.699,23488759359.45,13.8422,20.6532,10.0,2.0,16.0,21.2663,18.04981587301588,6.109302589904607,16.647796825396824,8.733920514874685,24.15911846292048,7.91387631052214
2022-12-23,63.38,64.2727,1.4085,11.5354,10.147,2.02,1.699,23686834816.26,13.8422,20.6532,10.0,2.0,16.0,21.2663,18.02817658730159,6.148843922994838,16.47166746031746,8.81596467501837,24.17702051029643,7.6557027852990895
2022-12-27,63.62,64.2727,1.0259,11.5791,10.1422,2.0277,1.6985,23776529362.74,13.8422,20.6532,10.0,2.0,16.0,21.2663,18.004371825396827,6.191334716219874,16.287238095238095,8.894366595501683,24.1957065416167,7.392871499736412
2022-12-28,62.6,64.2727,2.672,11.3934,10.1446,1.9952,1.6986,23395327540.2,13.8422,20.6532,10.0,2.0,16.0,21.2663,17.986816269841267,6.222224944076215,16.1136626984127,8.945232840101847,24.20904121391748,7.168429858310853
2022-12-29,63.11,64.2727,1.8423,11.4862,10.1446,2.0114,1.6986,23585928451.47,13.8422,20.6532,10.0,2.0,16.0,21.2663,17.967426587301585,6.257248986347259,15.95218888888889,9.018043132469186,24.224675573648845,6.934145756419703
2022-12-30,62.78,64.2727,2.3777,11.4262,10.1446,2.0009,1.6986,23462598450.06,13.8422,20.6532,10.0,2.0,16.0,21.2663,17.950841865079365,6.287457162215289,15.804673015873016,9.087150200500988,24.23829902729465,6.717522815372028
2023-01-03,62.46,64.3636,3.0477,11.3663,10.142,1.9853,1.6984,23343005721.42,14.0244,20.7211,10.0,2.0,16.0,21.2663,17.935270833333334,6.314623554010839,15.628364285714284,9.117635062970738,24.24989438734417,6.510729222743548
2023-01-04,62.77,64.3636,2.5388,11.4227,10.1422,1.9952,1.6985,23458861177.29,14.0244,20.7211,10.0,2.0,16.0,21.2663,17.911313690476188,6.350057468736228,15.45320476190476,9.155645045962425,24.261371159212416,6.297559715942338
2023-01-05,62.94,64.3636,2.2618,11.4104,10.1422,2.0006,1.6985,23522394814.38,14.0244,21.0357,10.0,2.0,16.0,21.2663,17.88771547619048,6.386040876475944,15.277171428571428,9.194580921902656,24.273756352666425,6.082590506668772
2023-01-06,63.9,65.4545,2.4327,11.515,10.1422,2.0302,1.6985,23881173000.3,13.9681,21.1629,10.0,2.0,16.0,21.2663,17.873991865079365,6.411806229908475,15.095165873015873,9.2202273303615,24.28579809498784,5.874938542654371
2023-01-09,62.67,65.4545,4.4431,11.3011,10.1418,1.9895,1.6984,23421488449.59,14.0047,21.2038,10.0,2.0,16.0,21.2663,17.857841666666666,6.43536823137332,14.930311111111113,9.223539104610262,24.293209898039983,5.706772006500849
2023-01-10,63.07,65.4545,3.7807,11.3732,10.142,2.0022,1.6984,23570979360.39,14.0047,21.2038,10.0,2.0,16.0,21.2663,17.84105873015873,6.461028603028118,14.753969047619048,9.222611900544956,24.302087333186847,5.531357147074093
2023-01-11,62.85,65.8182,4.7227,11.2904,10.1422,1.9952,1.6985,23488759359.45,14.0047,21.5243,10.0,2.0,16.0,21.2663,17.82448253968254,6.483951364618604,14.585781746031747,9.21068097253527,24.308433904301143,5.375100773496477
2023-01-12,63.07,65.8182,4.3574,11.3299,10.1446,2.0022,1.6986,23570979360.39,14.0047,21.5237,10.0,2.0,16.0,21.2663,17.807324206349207,6.508127045234067,14.384655555555558,9.154533275509356,24.31545125158328,5.230122280046201
2023-01-13,63.76,67.1818,5.3667,11.4196,10.1446,2.0241,1.6986,23828851181.52,14.0047,21.5311,10.0,2.0,16.0,21.2663,17.78738313492064,6.530823237839853,14.208824603174602,9.112865157502826,24.318206372760493,5.095959445671776
2023-01-17,64.0,67.6364,5.6819,11.4447,10.1422,2.0354,1.6985,23918545728.0,13.9106,21.5443,10.0,2.0,16.0,21.2663,17.765531547619048,6.552872592138745,14.034555555555556,9.0637871480352,24.318404139757792,4.970768407520357
2023-01-18,63.52,68.3333,7.5776,11.2924,10.1446,2.0228,1.6986,23739156635.04,13.8579,21.903,11.0,2.0,16.0,21.2663,17.742916071428574,6.568338032148726,13.89356984126984,9.024572536272416,24.3112541035773,4.868997304997425
2023-01-19,63.39,69.0833,8.9814,11.2693,10.1446,2.0186,1.6986,23690572089.03,13.8579,21.903,11.0,2.0,16.0,21.2663,17.71956369047619,6.578536428105781,13.760996825396823,8.972503148583957,24.29810011858197,4.788493676812866
2023-01-20,62.46,69.0833,10.6041,11.104,10.1446,1.989,1.6986,23343005721.42,13.8579,21.903,11.0,2.0,16.0,21.2663,17.700184523809522,6.585092442070504,13.64335,8.915307745281662,24.285276965880023,4.728042254718337
2023-01-23,63.13,69.0833,9.4302,11.2229,10.142,2.0104,1.6984,23593402997.01,13.8579,21.9239,11.0,2.0,16.0,21.2663,17.67694742063492,6.593582040780373,13.512283333333333,8.854198740997358,24.270529461415293,4.658084592335975
2023-01-24,64.04,69.0833,7.8752,11.3847,10.1422,2.0393,1.6985,23933494819.08,13.8579,21.9239,11.0,2.0,16.0,21.2663,17.64297619047619,6.599897865480881,13.378173015873015,8.810134596887,24.24287405595707,4.568038418986015
2023-01-25,64.8,69.0833,6.61,11.52,10.1446,2.0635,1.6986,24217527549.6,13.8579,21.9239,11.0,2.0,16.0,21.2663,17.606940476190474,6.610469883322808,13.237602380952382,8.775357398784024,24.21741035951328,4.462244982168357
2023-01-26,64.75,69.0833,6.6924,11.5111,10.1446,2.062,1.6986,24198841185.75,13.8579,21.9239,11.0,2.0,16.0,21.2663,17.567531746031747,6.616224771032074,13.098576984126984,8.738824539409476,24.18375651706382,4.359752444717508
2023-01-27,64.06,69.0833,7.8416,11.3884,10.1446,2.04,1.6986,23940969364.62,13.8579,21.9239,11.0,2.0,16.0,21.2663,17.51990753968254,6.599621319968292,12.94612857142857,8.660690179673695,24.11952885965083,4.285438391754875
2023-01-30,63.99,69.0833,7.9595,11.376,10.142,2.0378,1.6984,23914808455.23,13.8579,21.9239,11.0,2.0,16.0,21.2663,17.47554662698413,6.588561621126077,12.816844444444444,8.612058089042836,24.06410824811021,4.204786355401609
2023-01-31,64.35,69.0833,7.3556,11.44,10.1422,2.0492,1.6985,24049350274.95,13.8579,21.9239,11.0,2.0,16.0,21.2663,17.425542261904763,6.569475512971008,12.657571428571426,8.524882595788426,23.99501777487577,4.132688832783
2023-02-01,64.18,69.0833,7.6399,11.4098,10.1446,2.0438,1.6986,23985816637.86,13.8579,21.9239,11.0,2.0,16.0,21.2663,17.381112499999997,6.559758456447925,12.499157936507936,8.429919010195517,23.940870956447924,4.069238926312419
2023-02-02,61.35,69.0833,12.6052,10.9067,10.1446,1.9537,1.6986,22928168443.95,13.8579,21.9239,11.0,2.0,16.0,21.2663,17.355329166666667,6.552924312786396,12.381780952380952,8.323143607774263,23.908253479453062,4.058637344606689
2023-02-03,61.26,69.0833,12.7706,10.8907,10.1446,1.9508,1.6986,22894532989.02,13.8579,21.9239,11.0,2.0,16.0,21.2663,17.32644464285714,6.540950387269266,12.262321428571427,8.20696154356388,23.867395030126406,4.055359885007549
2023-02-06,62.16,69.0833,11.1379,11.0507,10.1446,1.9795,1.6984,23230887538.32,13.8579,21.9239,11.0,2.0,16.0,21.2663,17.29954126984127,6.538458384889879,12.135924603174605,8.099107023218616,23.83799965473115,4.036817579955988
2023-02-07,63.37,69.0833,9.0158,11.2658,10.147,2.018,1.6985,23683097543.49,13.8579,21.9239,11.0,2.0,16.0,21.2663,17.27142857142857,6.543562764827197,12.000451587301583,8.006135979457053,23.814991336255765,3.994315607844532
2023-02-08,64.17,69.0833,7.6567,11.408,10.1474,2.0435,1.6986,23982079365.09,13.8579,21.9239,11.0,2.0,16.0,21.2663,17.243124206349204,6.554250128432104,11.865397619047618,7.933846734395213,23.79737433478131,3.931550884652405
2023-02-09,64.1,69.0833,7.7743,11.3956,10.1549,2.0413,1.6995,23955918455.7,13.8579,21.9239,11.0,2.0,16.0,21.2663,17.221600595238094,6.567510740169777,11.743965873015872,7.877802315967654,23.78911133540787,3.8661635570482185
2023-02-10,64.22,69.0833,7.5729,11.4169,10.1631,2.0451,1.6995,24000765728.94,13.8579,21.9239,11.0,2.0,16.0,21.2663,17.19309087301587,6.578158742863943,11.636868253968254,7.841684030723466,23.77124961587981,3.795184223244788
2023-02-13,65.25,69.0833,5.8748,11.6,10.169,2.0344,1.7,23875139430.0,13.8579,21.9239,11.0,2.0,16.0,21.2663,17.165770436507934,6.596526261253401,11.537945238095238,7.83507476352437,23.762296697761336,3.7028704745708687
2023-02-14,66.28,73.25,10.516,10.0629,10.1644,1.867,1.7006,24252019025.6,7.9159,16.308,4.0,2.0,13.0,21.2663,17.144889880952384,6.600893582628105,11.474857936507938,7.81081730534621,23.745783463580487,3.664040631161728
2023-02-15,67.98,73.25,7.7523,10.2787,10.169,1.9149,1.7013,24874053309.6,7.9159,16.3171,4.0,2.0,13.0,21.2663,17.115324801587303,6.609537848257912,11.400126984126986,7.80094646279702,23.72486264984521,3.5991805213299664
2023-02-16,67.1,73.25,9.1654,10.1456,10.169,1.8901,1.702,24552059092.0,7.9159,16.3171,4.0,2.0,13.0,21.2663,17.09159265873016,6.616576865295129,11.336807142857143,7.786319234885498,23.70816952402529,3.550487907971645
2023-02-17,67.81,73.25,8.0224,10.253,10.1762,1.9101,1.7023,24811849881.2,7.9159,16.3171,4.0,2.0,13.0,21.2663,17.062633134920635,6.624277352263733,11.270441269841273,7.778584466035096,23.686910487184367,3.491856803806175
2023-02-21,67.55,73.25,10.0419,10.1568,10.1891,1.8814,1.7024,24716715226.0,7.9159,16.3171,4.0,2.0,13.0,21.2663,17.03834523809524,6.627539015943191,11.206561904761903,7.755140885465362,23.66588425403843,3.451421019296541
2023-02-22,67.94,73.25,9.4102,10.2155,10.1906,1.8922,1.7026,24859417208.8,7.9159,16.3171,4.0,2.0,13.0,21.2663,17.0132871031746,6.63246580096166,11.120511111111112,7.714007717353859,23.64575290413626,3.4065033937572533
2023-02-23,68.38,73.25,8.7062,10.2821,10.194,1.9045,1.7026,25020414317.6,7.9159,17.6958,4.0,2.0,13.0,21.2663,16.986763095238093,6.638913145090693,11.030104761904765,7.674609519779914,23.625676240328787,3.3554952421248485
2023-02-24,69.17,75.0,8.4285,10.3056,10.1963,1.9265,1.7026,25309477308.4,7.9159,17.6956,4.0,2.0,13.0,21.2663,16.962548214285714,6.647839173246887,10.94137380952381,7.639183022288962,23.6103873875326,3.3021907872348484
2023-02-27,69.21,75.0,8.3658,10.3115,10.2032,1.9276,1.703,25324113409.2,7.9159,17.6956,4.0,2.0,13.0,21.2663,16.937669246031742,6.656513709553447,10.864389682539684,7.615651799748466,23.59418295558519,3.2487378827912163
2023-02-28,70.0,75.0833,7.2619,10.4232,10.2059,1.9496,1.7032,25613176400.0,7.9159,17.7043,4.0,2.0,13.0,21.2663,16.91281011904762,6.669219976356888,10.762725396825395,7.5771614542432175,23.58203009540451,3.18556394258218
2023-03-01,70.97,75.0833,5.7958,10.5676,10.206,1.958,1.7034,25968101844.4,10.3047,17.7043,4.0,2.0,13.0,21.2663,16.885637698412697,6.686572002235539,10.644066666666664,7.536517231984503,23.57220970064824,3.107549434682162
2023-03-02,70.9,75.0833,5.9003,10.5572,10.2078,1.9561,1.7037,25942488668.0,10.3047,17.7043,4.0,2.0,13.0,21.2663,16.86167123015873,6.704267822790692,10.515761904761904,7.477881540820001,23.565939052949425,3.0378803639419028
2023-03-03,71.3,75.0833,5.3062,10.6168,10.211,1.9671,1.7038,26088849676.0,10.3047,17.7043,4.0,2.0,13.0,21.2663,16.83549166666667,6.72358866693645,10.382318253968254,7.418934805874999,23.55908033360312,2.963383448093256
2023-03-06,71.7,75.0833,4.7187,10.6763,10.211,1.9781,1.7038,26235210684.0,10.3047,17.7043,4.0,2.0,13.0,21.2663,16.8047875,6.7435274644033845,10.244211904761904,7.360419561037029,23.548314964403385,2.883792343724875
2023-03-07,70.99,75.0833,5.766,10.5706,10.2122,1.9585,1.7038,25975419894.8,10.3047,17.7043,4.0,2.0,13.0,21.2663,16.780554563492064,6.761219373121198,10.109731746031748,7.285239520154676,23.54177393661326,2.824492225877071
2023-03-08,70.29,75.0833,6.8193,10.4664,10.2123,1.9392,1.7038,25719288130.8,10.3047,17.7043,4.0,2.0,13.0,21.2663,16.763757341269844,6.775443024575535,9.973664285714287,7.183814186666697,23.53920036584537,2.78985009904759
2023-03-09,68.38,75.0833,9.803,10.182,10.211,1.8865,1.7038,25020414317.6,10.3047,17.7043,4.0,2.0,13.0,21.2663,16.74989186507937,6.78253347768934,9.884731746031743,7.115146254043099,23.53242534276871,2.7695854919886465
2023-03-10,66.61,75.0833,12.7208,9.9184,10.2078,1.8377,1.7038,24372766857.2,10.3047,17.7043,4.0,2.0,13.0,21.2663,16.744064087301588,6.784735045126212,9.825776984126984,7.05997811378091,23.5287991324278,2.7657988703460736
2023-03-13,65.18,75.0833,15.1938,9.7055,10.211,1.7983,1.7045,23849526253.6,10.3047,17.7043,4.0,2.0,13.0,21.2663,16.742460714285716,6.785006262452114,9.78747380952381,7.017190321092054,23.52746697673783,2.7702834884317564
2023-03-14,67.34,74.5833,10.7563,10.0271,10.2097,1.8578,1.7051,24639875696.8,10.3047,17.7043,4.0,2.0,13.0,21.2663,16.73590714285714,6.789196927204981,9.725482539682538,6.973372684663579,23.52510407006212,2.7521098550189595
2023-03-15,62.74,74.5833,18.8768,9.3421,10.2078,1.7309,1.7052,22956724104.8,10.3047,17.7043,4.0,2.0,13.0,21.2663,16.748258134920636,6.787414453565194,9.727139682539685,6.975539246034827,23.53567258848583,2.751600436504856
2023-03-16,66.07,74.5833,12.8853,9.838,10.2078,1.8228,1.7052,24175179496.4,10.3047,17.7043,4.0,2.0,13.0,21.2663,16.747363492063492,6.787894787286855,9.680644444444445,6.93436180224311,23.535258279350348,2.746282642201333
2023-03-17,63.15,74.5833,18.105,9.4032,10.2078,1.7422,1.7054,23106744138.0,10.3047,17.7043,4.0,2.0,13.0,21.2663,16.755270436507935,6.787149076501729,9.680757936507936,6.934500663209713,23.542419513009666,2.746257273298223
2023-03-20,65.61,74.4167,13.4228,9.7695,10.2097,1.8101,1.7058,24006864337.2,10.3047,17.7043,4.0,2.0,13.0,21.2663,16.75406765873016,6.787686862525604,9.628399206349206,6.880505773473256,23.541754521255765,2.7478934328759506
2023-03-21,67.21,74.4167,10.7227,10.0077,10.2078,1.8543,1.7058,24592308369.2,10.3047,17.7043,4.0,2.0,13.0,21.2663,16.738695833333335,6.792563775176694,9.573870634920636,6.844006527127968,23.531259608510027,2.7298641077926664
2023-03-22,65.87,74.4167,12.9751,9.8082,10.206,1.8173,1.7058,24101998992.4,10.3047,17.7043,4.0,2.0,13.0,21.2663,16.72599642857143,6.793607127572475,9.5161126984127,6.783607261556118,23.519603556143903,2.7325054368565818
2023-03-23,65.6,74.4167,13.4401,9.768,10.206,1.8098,1.7064,24003205312.0,10.3047,17.7043,4.0,2.0,13.0,21.2663,16.715121428571425,6.794473140621324,9.427320634920637,6.656247656405991,23.50959456919275,2.7710729785146446
2023-03-24,66.05,74.4167,12.6672,9.835,10.206,1.8223,1.7066,24167861446.0,10.3047,17.7043,4.0,2.0,13.0,21.2663,16.70575337301587,6.7967971280616855,9.312805555555556,6.47139109332517,23.50255050107756,2.841414462230386
2023-03-27,66.38,74.4167,12.1071,9.8842,10.2097,1.8314,1.7066,24288609277.6,10.3047,17.7043,4.0,2.0,13.0,21.2663,16.701125793650796,6.799136802881874,9.174420634920631,6.216734142146523,23.50026259653267,2.95768649277411
2023-03-28,66.81,74.4167,11.3856,9.9482,10.2078,1.8432,1.7068,24445947361.2,10.3047,17.7043,4.0,2.0,13.0,21.2663,16.69654384920635,6.8019442688529566,8.995026984126984,5.8076046843346285,23.498488118059303,3.187422299792355
2023-03-29,67.8,74.4167,9.7591,10.0956,10.206,1.8705,1.707,24808190856.0,10.3047,17.7043,4.0,2.0,13.0,21.2663,16.68914107142857,6.80746892487217,8.838007142857142,5.507280575183007,23.49660999630074,3.330726567674136
2023-03-30,67.86,74.75,10.1533,10.0957,10.206,1.8635,1.7086,24830145007.2,10.301,17.7026,4.0,2.0,13.0,21.2663,16.684302976190477,6.811252220928809,8.715789682539683,5.30036555656798,23.495555197119288,3.415424125971702
2023-03-31,67.87,74.75,10.137,10.0971,10.206,1.8638,1.7088,24833804032.4,10.301,17.7026,4.0,2.0,13.0,21.2663,16.674833134920636,6.817039666505123,8.623011904761904,5.169731760710283,23.49187280142576,3.4532801440516216
2023-04-03,68.61,74.75,8.9491,10.2072,10.2072,1.8841,1.7105,25104571897.2,10.301,17.7026,4.0,2.0,13.0,21.2663,16.669023015873016,6.822382408751198,8.514649206349205,5.015143560214291,23.49140542462421,3.4995056461349137
2023-04-04,67.89,74.75,10.1046,10.1001,10.2066,1.8644,1.7109,24841122082.8,10.3042,17.6445,4.0,2.0,13.0,21.2663,16.666681944444445,6.824435887960068,8.432049206349207,4.900355225421815,23.491117832404512,3.5316939809273924
2023-04-05,68.59,74.25,8.2519,10.3104,10.2072,1.8836,1.7113,25097253846.8,10.3042,17.0028,4.0,2.0,13.0,21.2663,16.662379166666664,6.829063985719813,8.381103968253969,4.868236716568294,23.49144315238648,3.512867251685675
2023-04-06,68.94,74.25,7.7023,10.363,10.2072,1.8932,1.7114,25225319728.8,10.3042,17.0028,4.0,2.0,13.0,21.2663,16.658835714285715,6.833255957165418,8.311944444444444,4.814775775108164,23.49209167145113,3.497168669336281
2023-04-10,68.65,74.3333,8.2787,10.3249,10.2123,1.8852,1.7126,25119207998.0,10.3042,16.8763,4.0,2.0,13.0,21.2663,16.652595238095238,6.839479614694194,8.249507142857144,4.7631072483441,23.49207485278944,3.486399894513045
2023-04-11,69.01,74.5833,8.0761,10.3442,10.2124,1.8952,1.7129,25250932905.2,10.3007,16.8708,4.0,2.0,13.0,21.2663,16.645952777777776,6.846190176057843,8.138433333333332,4.598547308879136,23.49214295383561,3.539886024454196
2023-04-12,70.23,75.0,6.792,10.527,10.214,1.9287,1.713,25697333979.6,10.3007,16.8663,4.0,2.0,13.0,21.2663,16.636430952380955,6.856564103363454,8.034372222222222,4.47692451034209,23.49299505574441,3.5574477118801324
2023-04-13,70.5,75.0,6.383,10.5675,10.2174,1.9361,1.7134,25796127660.0,10.3007,16.8663,4.0,2.0,13.0,21.2663,16.622548611111114,6.870240443195084,7.926043650793651,4.347553218599964,23.4927890543062,3.5784904321936866
2023-04-14,70.25,75.0833,6.8801,10.53,10.2194,1.9292,1.7138,25704652030.0,10.3007,16.8691,4.0,2.0,13.0,21.2663,16.610211507936512,6.882154673819779,7.798784126984127,4.1347725320827005,23.49236618175629,3.664011594901426
2023-04-17,70.95,75.0833,5.8257,10.6349,10.2174,1.9485,1.7155,25960783794.0,10.3007,16.8691,4.0,2.0,13.0,21.2663,16.594658134920635,6.897665173302814,7.703588888888889,4.03917163614956,23.492323308223447,3.664417252739328
2023-04-18,72.25,75.0833,3.9215,10.8298,10.2192,1.9842,1.7157,26436457070.0,10.3007,16.8691,4.0,2.0,13.0,21.2663,16.574032341269845,6.919996109705183,7.582736507936508,3.9200328780988656,23.49402845097503,3.662703629837642
2023-04-19,72.13,75.0833,4.0944,10.8118,10.2194,1.9809,1.7159,26392548767.6,10.3007,16.8691,4.0,2.0,13.0,21.2663,16.55157857142857,6.942101770477465,7.484497619047619,3.849942136218915,23.493680341906035,3.634555482828704
2023-04-20,72.19,75.0833,4.0079,10.8208,10.2197,1.9825,1.7161,26414502918.8,10.3007,16.8691,4.0,2.0,13.0,21.2663,16.52626884920635,6.964542792427636,7.396214285714286,3.800403478994548,23.490811641633982,3.5958108067197374
2023-04-21,71.68,75.0833,4.7479,10.7444,10.2197,1.9685,1.7161,26227892633.6,10.3007,16.8691,4.0,2.0,13.0,21.2663,16.50620238095238,6.983891998391891,7.315304761904762,3.746599125219661,23.49009437934427,3.5687056366851007
2023-04-24,72.51,75.0833,3.5489,10.8688,10.2192,1.9913,1.7171,26531591725.2,10.3007,16.8691,4.0,2.0,13.0,21.2663,16.482319642857142,7.0075867769079325,7.201842857142857,3.6401239194604575,23.48990641976508,3.5617189376824
2023-04-25,72.59,75.0833,3.4348,10.8808,10.2194,1.9935,1.7172,26560863926.8,10.3007,16.8691,4.0,2.0,13.0,21.2663,16.460217857142858,7.031144193861236,7.101243650793651,3.5663624343130027,23.491362051004096,3.5348812164806485
2023-04-26,72.29,75.0833,3.864,10.8358,10.2197,2.0487,1.7173,27296704000.0,10.3007,16.8691,4.0,2.0,13.0,21.2663,16.43699841269841,7.0533890909284525,7.024781746031746,3.5312203819619827,23.490387503626863,3.493561364069763
2023-04-27,73.88,78.5,6.2534,10.8745,10.2197,2.083,1.7181,27897088000.0,10.1627,17.8845,4.0,2.0,13.5,21.2663,16.420445238095237,7.067493244812023,6.965087301587301,3.479392607728692,23.48793848290726,3.4856946938586093
2023-04-28,75.07,80.7083,7.5107,10.9917,10.2197,2.0899,1.7181,28346432000.0,10.8736,18.1435,4.0,2.0,13.5,21.2663,16.396106944444444,7.077025239225222,6.907413492063491,3.408360126027782,23.473132183669662,3.4990533660357093
2023-05-01,75.9,80.7083,6.335,11.0641,10.2192,2.113,1.7177,28659840000.0,10.8736,18.1786,4.0,2.0,13.5,21.2663,16.372295833333332,7.090661639225903,6.869075396825397,3.387181899400954,23.46295747255924,3.481893497424443
2023-05-02,76.03,80.7083,6.1532,11.0831,10.2194,2.1166,1.7181,28708928000.0,10.8736,18.1786,4.0,2.0,13.5,21.2663,16.345581547619048,7.103762971668614,6.885424603174603,3.378636963574136,23.449344519287664,3.506787639600468
2023-05-03,75.62,80.7083,6.7288,11.0233,10.2197,2.1052,1.7182,28554112000.0,10.8736,18.1786,4.0,2.0,13.5,21.2663,16.321563095238098,7.115786713347111,6.918123809523809,3.3567816734348663,23.43734980858521,3.561342136088943
2023-05-04,72.92,80.7083,10.6806,10.6297,10.2197,2.03,1.7182,27534592000.0,10.8736,18.1786,4.0,2.0,13.5,21.2663,16.306088293650795,7.119563237771075,6.944218253968254,3.373239521869702,23.42565153142187,3.570978732098552
2023-05-05,74.81,80.7083,7.8844,10.9052,10.2197,2.0827,1.7182,28248256000.0,10.8736,18.1786,4.0,2.0,13.5,21.2663,16.284656150793648,7.128636742218392,6.959946031746032,3.372964420438457,23.41329289301204,3.5869816113075754
2023-05-08,76.14,80.7083,5.9999,11.0991,10.2194,2.1197,1.7177,28750464000.0,10.8736,18.1786,4.0,2.0,13.5,21.2663,16.256997817460316,7.141458299066834,6.952368253968254,3.3740486638967933,23.39845611652715,3.578319590071461
2023-05-09,76.61,80.7083,5.3496,11.1864,10.2197,2.1328,1.7181,28927936000.0,10.8736,18.194,4.0,2.0,13.5,21.2663,16.234000198412698,7.1578971564646015,6.944555555555556,3.3766306807242774,23.3918973548773,3.567924874831278
2023-05-10,77.22,80.7083,4.5174,11.2755,10.2199,2.1497,1.7182,29158272000.0,10.8736,18.194,4.0,2.0,13.5,21.2663,16.204294642857143,7.175406872341693,6.946868253968254,3.374853134716196,23.379701515198835,3.572015119252058
2023-05-11,77.31,80.7083,4.3957,11.2886,10.2199,2.1523,1.7182,29192256000.0,10.8736,18.194,4.0,2.0,13.5,21.2663,16.172311111111114,7.192058934840666,6.944058730158731,3.3768436465615017,23.36437004595178,3.567215083597229
2023-05-12,76.9,80.7083,4.9523,11.2287,10.2199,2.1408,1.7182,29037440000.0,10.8736,18.194,4.0,2.0,13.5,21.2663,16.13772420634921,7.204031952081343,6.94335634920635,3.3772518692568623,23.341756158430552,3.5661044799494874
2023-05-15,75.1,80.7083,7.4678,10.9659,10.2194,2.0907,1.7177,28357760000.0,10.8736,18.194,4.0,2.0,13.5,21.2663,16.11293373015873,7.212338064712041,6.97460873015873,3.363604908428274,23.325271794870773,3.611003821730456
2023-05-16,74.52,80.7083,8.3042,10.8812,10.2197,2.0746,1.7181,28138752000.0,10.8736,18.194,4.0,2.0,13.5,21.2663,16.091401785714286,7.219429855055288,6.988907142857143,3.36541112874314,23.31083164076957,3.623496014114003
2023-05-17,73.04,80.7083,10.4988,10.6651,10.2197,2.0334,1.7182,27579904000.0,10.8736,18.194,4.0,2.0,13.5,21.2663,16.075569642857143,7.222933747526922,7.014474603174604,3.3798258180429124,23.298503390384067,3.634648785131691
2023-05-18,75.3,80.7083,7.1823,10.9951,10.2197,2.0963,1.7182,28433280000.0,10.8736,18.194,4.0,2.0,13.5,21.2663,16.051694047619048,7.232415629776299,7.011448412698413,3.379500901393142,23.284109677395342,3.631947511305271
2023-05-19,76.02,80.7083,6.1672,11.1002,10.2197,2.1163,1.7182,28705152000.0,10.8736,18.194,4.0,2.0,13.5,21.2663,16.024799206349208,7.243933154695753,7.005048412698412,3.380336616060161,23.26873236104496,3.624711796638251
2023-05-22,73.5,80.7083,9.8072,10.7323,10.2192,2.0462,1.7184,27753600000.0,10.8736,18.194,4.0,2.0,13.5,21.2663,16.006719246031746,7.248064384745306,7.022769047619047,3.3891860738404267,23.25478363077705,3.63358297377862
2023-05-23,73.17,81.7917,11.7831,10.6114,10.2194,2.037,1.7185,27628992000.0,10.8736,18.1853,4.0,2.0,13.5,21.2663,15.990550595238096,7.248379617621578,7.072752380952382,3.41268764765161,23.238930212859675,3.660064733300772
2023-05-24,71.77,81.7917,13.9636,10.4084,10.2197,1.998,1.7186,27100352000.0,10.8736,18.1853,4.0,2.0,13.5,21.2663,15.978708333333334,7.246802626450429,7.132572222222223,3.4668944289582586,23.22551095978376,3.665677793263964
2023-05-25,72.38,81.7917,13.0032,10.4969,10.2197,1.9955,1.719,27330688000.0,10.8821,18.1853,4.0,2.0,13.5,21.2663,15.960343452380952,7.242582130344624,7.189253174603175,3.5041269501588306,23.202925582725577,3.685126224444344
2023-05-26,71.0,81.7917,15.1996,10.2967,10.2197,1.9574,1.7192,26809600000.0,10.8821,18.1853,4.0,2.0,13.5,21.2663,15.945216666666663,7.236178081440594,7.26727380952381,3.5720566124780486,23.18139474810726,3.6952171970457615
2023-05-30,71.2,81.7917,14.876,10.3257,10.2194,1.963,1.7201,26885120000.0,10.8821,18.1853,4.0,2.0,13.5,21.2663,15.933685317460318,7.233235576398699,7.35240873015873,3.624587585632709,23.16692089385901,3.727821144526021
2023-05-31,69.7,81.7917,17.3482,10.1082,10.2192,1.9216,1.7201,26318720000.0,10.8821,18.1853,4.0,2.0,13.5,21.2663,15.92831984126984,7.231176987531995,7.436790476190477,3.731828715135268,23.159496828801835,3.704961761055209
2023-06-01,69.67,81.7917,17.3987,10.1038,10.2155,1.9208,1.7208,26307392000.0,10.8821,18.1853,4.0,2.0,13.5,21.2663,15.922875396825397,7.229030296716426,7.53535873015873,3.829144463699788,23.151905693541824,3.706214266458942
2023-06-02,70.9,81.7917,15.3621,10.2822,10.2155,1.9547,1.7216,26771840000.0,10.8821,18.1853,4.0,2.0,13.5,21.2663,15.9109125,7.22495038159864,7.630696825396826,3.8733805624324336,23.13586288159864,3.757316262964392
2023-06-05,71.3,81.7917,14.7149,10.3402,10.2124,1.9435,1.7238,26922880000.0,11.8863,18.1853,4.0,2.0,13.5,21.2663,15.897848611111112,7.221139939422922,7.718839682539683,3.9073436429590185,23.118988550534034,3.811496039580664
2023-06-06,71.2,81.7917,14.876,10.3257,10.214,1.9408,1.7241,26885120000.0,11.8863,18.1853,4.0,2.0,13.5,21.2663,15.886075793650791,7.217952491549592,7.81965873015873,3.926935147053325,23.104028285200386,3.892723583105405
2023-06-07,71.25,81.7917,14.7954,10.333,10.2155,1.9422,1.7242,26904000000.0,11.8863,18.1853,4.0,2.0,13.5,21.2663,15.874565476190476,7.215050726146875,7.9002412698412705,3.965196308527828,23.08961620233735,3.935044961313442
2023-06-08,70.99,81.7917,15.2158,10.2953,10.2155,1.9351,1.7244,26805824000.0,11.8863,18.1853,4.0,2.0,13.5,21.2663,15.863042857142856,7.211448262490159,8.00295396825397,3.9858562363968506,23.074491119633016,4.017097731857119
2023-06-09,71.44,81.7917,14.4901,10.3605,10.2155,1.9473,1.7252,26975744000.0,11.8863,18.1853,4.0,2.0,13.5,21.2663,15.84694503968254,7.205425105821363,8.09464365079365,4.001242967668785,23.052370145503904,4.093400683124865
2023-06-12,70.45,81.7917,16.0989,10.217,10.2124,1.9203,1.7262,26601920000.0,11.8863,18.1853,4.0,2.0,13.5,21.2663,15.833727380952382,7.198824558207015,8.19758492063492,4.039120202421602,23.0325519391594,4.158464718213319
2023-06-13,70.57,81.7917,15.9015,10.2344,10.214,1.9236,1.7264,26647232000.0,11.8863,18.1853,4.0,2.0,13.5,21.2663,15.82185396825397,7.1937561150656935,8.291870634920635,4.079315637899367,23.015610083319665,4.212554997021268
2023-06-14,70.08,81.7917,16.7119,10.1633,10.2123,1.9103,1.7269,26462208000.0,11.8863,18.1853,4.0,2.0,13.5,21.2663,15.810661706349205,7.187960678515552,8.392038095238096,4.129974029649177,22.99862238486476,4.262064065588919
2023-06-15,70.15,81.7917,16.5954,10.1734,10.211,1.9122,1.727,26488640000.0,11.8863,18.1853,4.0,2.0,13.5,21.2663,15.801633333333331,7.184102976177698,8.477856349206348,4.187258900951657,22.98573630951104,4.290597448254691
2023-06-16,71.16,81.7917,14.9406,10.3199,10.211,1.9397,1.727,26870016000.0,11.8863,18.1853,4.0,2.0,13.5,21.2663,15.788467261904762,7.179577983420664,8.544425396825398,4.222932985780067,22.968045245325428,4.321492411045331
2023-06-20,70.79,82.5769,16.6505,10.2287,10.2097,1.9022,1.7285,26730304000.0,12.4982,18.0137,5.0,2.0,13.5,21.2663,15.773181547619048,7.1694982165375,8.630550793650793,4.2768027284267935,22.942679764156548,4.353748065223999
2023-06-21,71.77,82.5769,15.0577,10.3703,10.211,1.9285,1.7287,27100352000.0,12.4982,18.0137,5.0,2.0,13.5,21.2663,15.745496428571428,7.145177749361212,8.707887301587302,4.304351931206016,22.89067417793264,4.403535370381286
2023-06-22,72.61,82.5769,13.7266,10.4917,10.211,1.9511,1.7295,27417536000.0,12.4982,18.0137,5.0,2.0,13.5,21.2663,15.720438293650792,7.130022493660204,8.767894444444444,4.321297718349013,22.850460787311,4.446596726095431
2023-06-23,72.41,82.5769,14.0407,10.4628,10.211,1.9457,1.7305,27342016000.0,12.4982,18.0066,5.0,2.0,13.5,21.2663,15.69672876984127,7.115657725002556,8.853408730158732,4.318157831817019,22.812386494843828,4.535250898341713
2023-06-26,71.22,82.5769,15.9462,10.2909,10.2097,1.9137,1.7309,26892672000.0,12.4982,18.0066,5.0,2.0,13.5,21.2663,15.679274404761903,7.104203139782188,8.968533333333331,4.312305547393353,22.78347754454409,4.656227785939978
2023-06-27,71.14,82.5769,16.0766,10.2793,10.211,1.9116,1.731,26862464000.0,12.4982,18.0066,5.0,2.0,13.5,21.2663,15.664946428571428,7.096084544292568,9.078160317460316,4.316064499019005,22.761030972863995,4.762095818441312
2023-06-28,71.68,82.5769,15.2021,10.3573,10.2122,1.9261,1.731,27066368000.0,12.4982,18.0066,5.0,2.0,13.5,21.2663,15.651746825396826,7.090733255315757,9.187633333333332,4.294853213622029,22.742480080712586,4.892780119711303
2023-06-29,73.03,82.5769,13.0726,10.5524,10.2122,1.9624,1.7313,27576128000.0,12.4982,18.0066,5.0,2.0,13.5,21.2663,15.630953571428572,7.082880308397695,9.283242063492064,4.245513227987398,22.713833879826268,5.037728835504665
2023-06-30,74.85,82.5769,10.3232,10.8154,10.2122,2.0113,1.7325,28263360000.0,12.4982,18.0066,5.0,2.0,13.5,21.2663,15.605524603174604,7.07887511834629,9.343965873015874,4.204717542954045,22.684399721520894,5.139248330061829
2023-07-03,73.99,82.5769,11.6055,10.6911,10.2097,1.9882,1.7345,27938624000.0,12.4982,18.0066,5.0,2.0,13.5,21.2663,15.580689285714286,7.070887638290087,9.421451587301586,4.155034766848157,22.65157692400437,5.266416820453429
2023-07-05,73.62,83.1923,13.0023,10.6128,10.211,1.9656,1.7345,27798912000.0,12.4988,18.0157,5.0,2.0,13.5,21.2663,15.56485158730159,7.0676986018728325,9.50577380952381,4.118593340706027,22.632550189174424,5.387180468817783
2023-07-06,73.87,83.0385,12.4117,10.6485,10.211,1.972,1.7345,27893312000.0,12.5223,18.0122,5.0,2.0,13.5,21.2663,15.545168849206348,7.062627309983357,9.58009126984127,4.085479819321425,22.607796159189704,5.494611450519845
2023-07-07,74.79,83.1154,11.1317,10.8002,10.211,2.0008,1.7345,28240704000.0,12.3483,17.9402,5.0,2.0,13.5,21.2663,15.518504761904762,7.05384854033854,9.64828888888889,4.038450059955553,22.5723533022433,5.609838828933338
2023-07-10,74.71,83.1154,11.2507,10.7752,10.2084,1.9987,1.735,28210496000.0,12.3483,17.9464,5.0,2.0,13.5,21.2663,15.493470436507936,7.0465428227762095,9.719629365079369,3.9859765094152575,22.540013259284144,5.7336528556641095
2023-07-11,75.92,83.3846,9.8322,10.93,10.2097,2.0292,1.7355,28667392000.0,12.3459,17.9369,5.0,2.0,13.5,21.2663,15.4564753968254,7.027157507916176,9.778355555555557,3.931900181674038,22.483632904741576,5.846455373881517
2023-07-12,76.38,83.8462,9.7751,11.0031,10.211,2.0415,1.7358,28841088000.0,12.3459,17.9889,5.0,2.0,13.5,21.2663,15.42519384920635,7.01726093338546,9.820673015873016,3.9026035431626247,22.44245478259181,5.918069472710391
2023-07-13,76.88,84.3846,9.7614,11.0751,10.211,2.0549,1.7363,29029888000.0,12.3459,17.9889,5.0,2.0,13.5,21.2663,15.39310615079365,7.006080061689012,9.86813888888889,3.864740779922373,22.39918621248266,6.0033981089665165
2023-07-14,77.0,84.9231,10.2897,11.0753,10.211,2.0569,1.7368,29075200000.0,12.4001,18.1816,5.0,2.0,13.5,21.2663,15.357062896825395,6.985443293250063,9.91232142857143,3.837169655057824,22.34250619007545,6.075151773513605
2023-07-17,80.61,84.9231,5.3506,11.5946,10.2097,2.1533,1.7376,30438336000.0,12.4001,18.1816,5.0,2.0,13.5,21.2663,15.3126376984127,6.977722779651588,9.920203968253968,3.826672906416691,22.290360478064287,6.093531061837277
2023-07-18,80.84,84.9231,5.0508,11.6276,10.211,2.1595,1.7379,30525184000.0,12.4001,18.1816,5.0,2.0,13.5,21.2663,15.269152380952384,6.973236570479042,9.917696825396826,3.829782339714527,22.242388951431423,6.087914485682299
2023-07-19,80.25,84.9231,5.8232,11.5428,10.2122,2.1437,1.738,30302400000.0,12.4001,18.1816,5.0,2.0,13.5,21.2663,15.22786130952381,6.967419414772031,9.918818253968256,3.828552590468565,22.19528072429584,6.090265663499691
2023-07-20,81.5,84.9231,4.2001,11.7226,10.2122,2.1771,1.7388,30774400000.0,12.4001,18.1816,5.0,2.0,13.5,21.2663,15.174751587301587,6.949199116865311,9.892012698412698,3.856795319474045,22.12395070416689,6.035217378938653
2023-07-21,82.27,84.9231,3.2249,11.8333,10.2122,2.1977,1.74,31065152000.0,12.4001,18.1816,5.0,2.0,13.5,21.2663,15.127045238095238,6.948538723002554,9.846326190476193,3.90150427287066,22.07558396109779,5.944821917605533
2023-07-24,81.19,84.9231,4.598,11.678,10.211,2.1688,1.7422,30657344000.0,12.4001,18.1816,5.0,2.0,13.5,21.2663,15.08593492063492,6.949420125647427,9.798658730158731,3.928767094166135,22.035355046282348,5.869891635992596
2023-07-25,81.36,84.9231,4.3794,11.7024,10.2122,2.1734,1.7422,30721536000.0,12.4001,18.1816,5.0,2.0,13.5,21.2663,15.042108531746033,6.9471472560156124,9.758573015873017,3.958213231697539,21.98925578776165,5.800359784175478
2023-07-26,82.08,84.9231,3.4638,11.806,10.2123,2.1972,1.7423,31059072000.0,12.4001,18.1817,5.0,2.0,13.5,21.2663,14.999070634920631,6.951560775763613,9.723561904761906,3.9943501337134415,21.950631410684245,5.729211771048465
2023-07-27,79.67,88.8462,11.5178,11.0404,10.2123,2.0953,1.7424,30147128000.0,12.284,19.4561,5.0,2.0,14.5,21.2663,14.97316746031746,6.940129101967775,9.762512698412698,3.987668976973503,21.91329656228524,5.774843721439194
2023-07-28,77.25,89.3077,15.6087,10.642,10.2123,2.0229,1.743,29231400000.0,11.8827,19.4658,6.0,2.0,14.5,21.2663,14.954226587301587,6.925296867639471,9.833276984126984,4.011791960830655,21.87952345494105,5.821485023296329
2023-07-31,77.69,89.6923,15.449,10.6749,10.211,2.0261,1.7442,29397896000.0,12.1511,19.7602,7.0,2.0,14.5,21.2663,14.931902182539682,6.905463052004466,9.893653174603177,4.03873208229876,21.837365234544148,5.854921092304415
2023-08-01,77.1,89.6923,16.3324,10.5158,10.2122,2.0107,1.7449,29174640000.0,12.1511,19.9827,8.0,2.0,14.5,21.2663,14.91420357142857,6.8903734707105055,9.96010476190476,4.075369650725757,21.80457704213908,5.884735111179004
2023-08-02,77.36,89.6923,15.9414,10.5513,10.2123,2.0175,1.7452,29273024000.0,12.1511,19.9827,8.0,2.0,14.5,21.2663,14.898915277777776,6.87949901378436,10.028246031746033,4.103156954456356,21.778414291562136,5.925089077289675
2023-08-03,77.39,89.6923,15.8965,10.5554,10.2124,2.0183,1.7456,29284376000.0,12.1511,19.9827,8.0,2.0,14.5,21.2663,14.884851984126984,6.870175884674068,10.093774603174602,4.130547943097776,21.75502786880105,5.963226660076826
2023-08-04,76.72,89.6923,16.9086,10.464,10.2124,2.0008,1.7459,29030848000.0,12.1511,19.9827,8.0,2.0,14.5,21.2663,14.873603174603176,6.8621912741666975,10.127928571428573,4.16909188985522,21.73579444876988,5.958836681573351
2023-08-07,78.23,89.6923,14.6521,10.67,10.2122,2.0402,1.7461,29602232000.0,12.1511,19.9827,8.0,2.0,14.5,21.2663,14.858370634920636,6.854124479027645,10.14286111111111,4.181982513133571,21.71249511394828,5.960878597977539
2023-08-08,76.35,89.6923,17.4752,10.4135,10.2123,1.9912,1.7462,28890840000.0,12.1511,19.9827,8.0,2.0,14.5,21.2663,14.852199206349209,6.850356711444623,10.193157142857142,4.23185686683139,21.70255591779383,5.961300276025752
2023-08-09,77.05,89.7692,16.5077,10.4774,10.2124,2.0094,1.7462,29155720000.0,12.1511,20.0033,8.0,2.0,14.5,21.2663,14.847586706349208,6.848453796568877,10.252616666666666,4.267662952497469,21.696040502918084,5.9849537141691975
2023-08-10,76.58,89.7692,17.2228,10.4135,10.2124,1.9972,1.7467,28977872000.0,12.1511,20.0033,8.0,2.0,14.5,21.2663,14.844160317460318,6.846829169584058,10.328538095238097,4.306029990510581,21.690989487044376,6.022508104727514
2023-08-11,76.6,89.7692,17.1922,10.4162,10.2124,1.9977,1.7472,28985440000.0,12.1511,20.0033,8.0,2.0,14.5,21.2663,14.8420623015873,6.845945543036213,10.403283333333333,4.342919353812526,21.68800784462352,6.060363979520806
2023-08-14,77.35,89.7692,16.0559,10.5182,10.2122,2.0173,1.7483,29269240000.0,12.1511,20.0033,8.0,2.0,14.5,21.2663,14.84189126984127,6.845914076413216,10.470608730158729,4.364390860810083,21.68780534625449,6.1062178693486455
2023-08-15,77.36,89.7692,16.0408,10.5196,10.2123,2.0175,1.7484,29273024000.0,12.1511,20.0033,8.0,2.0,14.5,21.2663,14.842464682539685,6.846002544471371,10.55129126984127,4.372709734194871,21.688467227011053,6.1785815356464
2023-08-16,76.95,89.7692,16.6591,10.4638,10.2124,2.0068,1.7486,29117880000.0,12.1511,20.0033,8.0,2.0,14.5,21.2663,14.84360515873016,6.84625770645491,10.600046031746032,4.40643019150236,21.68986286518507,6.193615840243672
2023-08-17,74.29,89.7692,20.8362,10.1021,10.2122,1.9374,1.7489,28111336000.0,12.1511,20.0033,8.0,2.0,14.5,21.2663,14.85384623015873,6.851361931674034,10.703886507936508,4.492116589107623,21.705208161832765,6.211769918828885
2023-08-18,75.24,89.7692,19.3105,10.2313,10.2122,1.9622,1.7493,28470816000.0,12.1511,20.0033,8.0,2.0,14.5,21.2663,14.861552976190476,6.854191120412346,10.784403174603176,4.554803123471884,21.715744096602823,6.229600051131292
2023-08-21,74.95,89.7692,19.7721,10.1919,10.2072,1.9547,1.7505,28361080000.0,12.1511,20.0033,8.0,2.0,14.5,21.2663,14.868966865079363,6.857483524177534,10.87765476190476,4.617647272117753,21.726450389256897,6.260007489787008
2023-08-22,74.57,89.7692,20.3825,10.1402,10.2066,1.9447,1.7507,28217288000.0,12.1511,20.0033,8.0,2.0,14.5,21.2663,14.87748134920635,6.861666943084725,10.959723015873015,4.693935025714077,21.73914829229108,6.26578799015894
2023-08-23,75.4,89.7692,19.0573,10.2531,10.2066,1.9664,1.7509,28531360000.0,12.1511,20.0033,8.0,2.0,14.5,21.2663,14.885773809523808,6.864192429089266,11.036287301587302,4.746838409990047,21.74996623861308,6.289448891597256
2023-08-24,75.41,89.7692,19.0415,10.2544,10.2066,1.9667,1.7518,28535144000.0,12.1511,20.0033,8.0,2.0,14.5,21.2663,14.89403492063492,6.866687943566686,11.118313492063493,4.795302467663107,21.760722864201608,6.323011024400386
2023-08-25,74.62,89.7692,20.3018,10.147,10.206,1.9461,1.7532,28236208000.0,12.1511,20.0033,8.0,2.0,14.5,21.2663,14.90447123015873,6.870908944681792,11.212546031746031,4.858269812312146,21.77538017484052,6.354276219433885
2023-08-28,74.19,89.7692,20.9991,10.0885,10.1987,1.9348,1.7551,28073496000.0,12.1511,20.0033,8.0,2.0,14.5,21.2663,14.916508134920637,6.876269985484347,11.312810317460317,4.928897810226142,21.792778120404986,6.383912507234174
2023-08-29,75.75,89.7692,18.5072,10.3007,10.2006,1.9755,1.7552,28663800000.0,12.1511,20.0033,8.0,2.0,14.5,21.2663,14.919799206349207,6.877593310272828,11.40205873015873,4.956692402225755,21.79739251662204,6.445366327932975
2023-08-30,77.09,89.7692,16.4473,10.4829,10.2032,2.0105,1.7553,29170856000.0,12.1511,20.0033,8.0,2.0,14.5,21.2663,14.921002182539684,6.877807781372592,11.486594444444446,4.951140342705733,21.79880996391228,6.535454101738713
2023-08-31,76.86,89.7692,16.7957,10.4516,10.2032,2.0045,1.7554,29083824000.0,12.1511,20.0033,8.0,2.0,14.5,21.2663,14.920110515873017,6.877535002568756,11.573065873015873,4.947938247006058,21.79764551844177,6.625127626009815
2023-09-01,77.01,89.7692,16.5682,10.472,10.2032,2.0084,1.7558,29140584000.0,12.1511,20.0033,8.0,2.0,14.5,21.2663,14.917918452380952,6.876831864468044,11.662446825396826,4.935530578013795,21.794750316849,6.726916247383031
2023-09-05,75.86,89.7692,18.3354,10.3156,10.1987,1.9784,1.7567,28705424000.0,12.1511,20.0033,8.0,2.0,14.5,21.2663,14.915598214285716,6.875478321342632,11.770515873015873,4.931347808547412,21.79107653562835,6.839168064468461
2023-09-06,76.44,89.7692,17.4375,10.3945,10.2006,1.9935,1.7568,28924896000.0,12.1511,20.0033,8.0,2.0,14.5,21.2663,14.907167857142856,6.869762323251801,11.863146825396829,4.927273694183141,21.776930180394658,6.935873131213686
2023-09-07,77.87,89.0714,14.3847,10.6067,10.2006,2.0126,1.757,29466008000.0,12.707,19.5205,9.0,2.0,14.5,21.2663,14.891578174603174,6.861995240725299,11.923189682539682,4.911388275065618,21.75357341532847,7.011801407474064
2023-09-08,77.26,89.0714,15.2879,10.5236,10.2006,1.9968,1.7573,29235184000.0,12.707,19.5205,9.0,2.0,14.5,21.2663,14.87510634920635,6.851029624671741,11.966720634920636,4.916750273801805,21.72613597387809,7.049970361118831
2023-09-11,78.8,89.0714,13.0348,10.7334,10.1968,2.0366,1.7604,29817920000.0,12.707,19.5205,9.0,2.0,14.5,21.2663,14.860115079365078,6.846763853373856,11.9692126984127,4.917215091654705,21.70687893273893,7.051997606757994
2023-09-12,78.8,89.0714,13.0348,10.7334,10.1968,2.0366,1.7613,29817920000.0,12.707,19.5205,9.0,2.0,14.5,21.2663,14.843859722222222,6.841339835825177,11.952077777777776,4.909644427807533,21.6851995580474,7.042433349970245
2023-09-13,78.33,89.0714,13.713,10.6693,10.1987,2.0245,1.7614,29640072000.0,12.707,19.5205,9.0,2.0,14.5,21.2663,14.82536746031746,6.831749643386564,11.97554365079365,4.910949099284037,21.657117103704024,7.064594551509614
2023-09-14,79.06,89.0714,12.663,10.7688,10.1987,2.0433,1.7616,29916304000.0,12.707,19.5205,9.0,2.0,14.5,21.2663,14.810605555555556,6.828360430623524,11.926227777777775,4.872138298556554,21.63896598617908,7.054089479221223
2023-09-15,79.0,89.0714,12.7486,10.7606,10.1987,2.0418,1.7618,29893600000.0,12.707,19.5205,9.0,2.0,14.5,21.2663,14.792189484126984,6.821362997367653,11.92514285714286,4.871938241208308,21.61355248149464,7.053204615934551
2023-09-18,80.57,89.0714,10.5516,10.9744,10.1963,2.0824,1.7627,30487688000.0,12.707,19.5205,9.0,2.0,14.5,21.2663,14.769906547619048,6.816825408621395,11.86519523809524,4.841665792346316,21.58673195624044,7.023529445748924
2023-09-19,81.2,89.0714,9.6938,11.0603,10.1968,2.0987,1.7634,30726080000.0,12.707,19.4999,9.0,2.0,14.5,21.2663,14.74481111111111,6.812174228812165,11.8356,4.843465222040862,21.55698533992328,6.992134777959137
2023-09-20,81.32,89.0714,9.532,11.0766,10.1987,2.1018,1.7638,30771488000.0,12.707,19.4999,9.0,2.0,14.5,21.2663,14.720259325396825,6.8086107261080455,11.82615,4.846814371584633,21.52887005150487,6.979335628415368
2023-09-21,80.29,89.0714,10.9371,10.9363,10.1987,2.0751,1.7644,30381736000.0,12.707,19.4999,9.0,2.0,14.5,21.2663,14.69569384920635,6.799857739558358,11.809975396825395,4.846350011324933,21.49555158876471,6.963625385500462
2023-09-22,80.96,89.0714,10.019,11.0276,10.1987,2.0925,1.7647,30635264000.0,12.707,19.4999,9.0,2.0,14.5,21.2663,14.668548611111111,6.791142311595248,11.78282380952381,4.84672751649068,21.45969092270636,6.93609629303313
2023-09-25,81.15,89.0714,9.7614,11.0534,10.1968,2.0974,1.7666,30707160000.0,12.707,19.4999,9.0,2.0,14.5,21.2663,14.64271626984127,6.78498214881176,11.759761904761906,4.849398290161005,21.42769841865303,6.9103636146009
2023-09-26,81.26,89.0714,9.6128,11.0684,10.1987,2.1002,1.7668,30748784000.0,12.707,19.4999,9.0,2.0,14.5,21.2663,14.616464285714285,6.778781400756193,11.739965873015873,4.8530587439289645,21.39524568647048,6.886907129086908
2023-09-27,81.08,89.0714,9.8562,11.0439,10.2006,2.0956,1.7673,30680672000.0,12.707,19.4999,9.0,2.0,14.5,21.2663,14.59181488095238,6.773446289784284,11.727827777777778,4.8558639447107215,21.365261170736662,6.871963833067056
2023-09-28,81.64,89.0714,9.1026,11.1202,10.2006,2.11,1.7679,30892576000.0,12.707,19.4999,9.0,2.0,14.5,21.2663,14.566779761904762,6.77036378067606,11.72261746031746,4.858344855970194,21.337143542580822,6.864272604347266
2023-09-29,79.71,89.0714,11.7443,10.8358,10.2006,2.0614,1.7684,30162264000.0,12.7064,19.5282,9.0,2.0,14.5,21.2663,14.54088392857143,6.756106419258713,11.735244444444444,4.856300621461591,21.296990347830143,6.878943822982855
2023-10-02,79.37,89.1429,12.3131,10.7895,10.1968,2.0526,1.769,30033608000.0,12.7064,19.5282,9.0,2.0,14.5,21.2663,14.518985515873016,6.745375334183687,11.75251507936508,4.854440371339433,21.264360850056704,6.8980747080256455
2023-10-03,77.96,90.4,15.9569,10.5733,10.1987,2.0157,1.7691,29500064000.0,12.722,19.7778,10.0,2.0,14.5,21.2663,14.500086111111113,6.727918741581593,11.80813253968254,4.862202690366995,21.228004852692703,6.945929849315546
2023-10-04,80.46,90.4,12.354,10.9123,10.2006,2.0803,1.7692,30446064000.0,12.722,19.7778,10.0,2.0,14.5,21.2663,14.474038095238097,6.710707278443507,11.82598492063492,4.8600268857702975,21.184745373681604,6.965958034864624
2023-10-05,81.64,90.8,11.22,11.0677,10.2006,2.1107,1.7692,30892576000.0,12.8349,19.9134,10.0,2.0,14.5,21.2663,14.445805357142858,6.694353503730801,11.84954126984127,4.849747113741346,21.14015886087365,6.999794156099924
2023-10-06,82.18,91.0667,10.8137,11.1409,10.2006,2.1246,1.7692,31096912000.0,12.8349,19.6965,10.0,2.0,14.5,21.2663,14.425628968253967,6.689935596333855,11.87423492063492,4.836364261356886,21.11556456458782,7.037870659278035
2023-10-09,82.07,91.0667,10.9622,11.126,10.1968,2.1218,1.7692,31055288000.0,12.8349,19.6422,10.0,2.0,14.5,21.2663,14.408088293650794,6.687398349930798,11.89553253968254,4.826302263834295,21.09548664358159,7.069230275848245
2023-10-10,81.86,91.0667,11.2469,11.0951,10.1987,2.1157,1.7694,30975824000.0,12.8528,19.7504,10.0,2.0,14.5,21.2663,14.395759523809524,6.687487338474316,11.92069761904762,4.814479875167579,21.08324686228384,7.10621774388004
2023-10-11,83.02,91.2,9.853,11.2429,10.2006,2.1535,1.7695,31414768000.0,12.6666,19.8608,10.0,2.0,14.5,21.2663,14.379828769841271,6.688728998776262,11.94499126984127,4.796081341979358,21.06855776861753,7.148909927861912
2023-10-12,83.05,91.5333,10.2147,11.228,10.2006,2.1543,1.7695,31426120000.0,12.6666,19.8983,10.0,2.0,14.5,21.2663,14.360074206349204,6.686293366363917,11.975401587301588,4.772622899529859,21.046367572713123,7.202778687771728
2023-10-13,84.16,91.6667,8.9196,11.3636,10.2006,2.1627,1.7695,31846144000.0,13.2428,20.0956,10.0,2.0,14.5,21.2663,14.341719047619046,6.688509463274435,11.991588095238097,4.758641806509131,21.03022851089348,7.2329462887289635
2023-10-16,85.7,91.6667,6.9623,11.5715,10.2006,2.2023,1.7696,32428880000.0,13.2428,20.0956,10.0,2.0,14.5,21.2663,14.324863888888888,6.696391719506733,12.000608730158731,4.7479252649723245,21.02125560839562,7.252683465186407
2023-10-17,86.62,91.6667,5.8263,11.6958,10.2032,2.2259,1.7698,32777008000.0,13.2428,20.0956,10.0,2.0,14.5,21.2663,14.311053571428571,6.706739664046802,12.01572619047619,4.724972452748049,21.017793235475374,7.290753737728141
2023-10-18,85.45,91.6667,7.2752,11.5378,10.2059,2.1959,1.7699,32334280000.0,13.2428,20.0956,10.0,2.0,14.5,21.2663,14.298379166666669,6.713998604179199,12.040970634920637,4.690684783543884,21.012377770845863,7.350285851376751
2023-10-19,83.78,91.6667,9.4136,11.3123,10.2059,2.153,1.7708,31702352000.0,13.2428,20.0956,10.0,2.0,14.5,21.2663,14.289308730158732,6.717509747929012,12.083873015873015,4.641082979260915,21.006818478087744,7.4427900366121
2023-10-20,82.76,91.6667,10.7621,11.1323,10.2059,2.1267,1.7708,31316384000.0,13.2428,20.0894,10.0,2.0,14.5,21.2663,14.281408531746033,6.719315293577084,12.131604761904764,4.595737083948175,21.00072382532312,7.535867677956587
2023-10-23,81.86,91.6667,11.9798,11.0113,10.2032,2.1036,1.7715,30975824000.0,13.2428,20.0894,10.0,2.0,14.5,21.2663,14.27896785714286,6.719928652454087,12.198516666666668,4.530691791923098,20.998896509596943,7.66782487474357
2023-10-24,83.42,91.6667,9.8858,11.2211,10.2059,2.1437,1.7715,31566128000.0,13.2428,20.0894,10.0,2.0,14.5,21.2663,14.273785714285715,6.722311739662357,12.24971507936508,4.466866160324273,20.99609745394807,7.782848919040807
2023-10-25,83.49,91.6667,9.7936,11.2305,10.206,2.1455,1.7725,31592616000.0,13.2428,20.0894,10.0,2.0,14.5,21.2663,14.269970436507938,6.724311401757908,12.296775396825398,4.408668639681277,20.994281838265845,7.88810675714412
2023-10-26,82.45,91.6667,11.1785,11.0906,10.206,2.1188,1.7742,31199080000.0,13.2428,20.0894,10.0,2.0,14.5,21.2663,14.269567857142858,6.72449075340594,12.335863492063492,4.376373418904725,20.9940586105488,7.959490073158767
2023-10-27,81.36,91.6667,12.668,10.944,10.206,2.0908,1.7749,30786624000.0,13.2428,20.0894,10.0,2.0,14.5,21.2663,14.27114761904762,6.724019841820397,12.376794444444444,4.354948960845375,20.99516746086801,8.02184548359907
2023-10-30,82.88,91.6667,10.6017,11.1488,10.2032,2.1355,1.7752,31444672000.0,13.2428,20.09,10.0,2.0,14.5,21.2663,14.26432757936508,6.725998674010856,12.410657142857143,4.324072852900132,20.990326253375937,8.086584289957012
2023-10-31,86.68,94.9333,9.5216,11.2509,10.2059,2.2144,1.7754,32886392000.0,13.3883,22.963,12.0,2.0,15.0,21.2663,14.248225992063492,6.7276225765646265,12.437390476190474,4.295394358955635,20.97584856862812,8.14199611723484
2023-11-01,90.0,94.9333,5.4814,11.6818,10.206,2.2992,1.7756,34146000000.0,13.3883,22.963,12.0,2.0,15.0,21.2663,14.222880357142856,6.736552012007881,12.427490476190476,4.310069174747417,20.95943236915074,8.11742130144306
2023-11-02,85.94,94.9333,10.4646,11.11,10.206,2.1955,1.7765,32605636000.0,13.3883,23.1259,12.0,2.0,15.0,21.2663,14.212403174603176,6.738285925437672,12.42577619047619,4.310812432744887,20.950689100040847,8.114963757731303
2023-11-03,85.55,94.9333,10.9682,11.0253,10.206,2.1856,1.7775,32457670000.0,13.3883,23.3975,12.0,2.0,15.0,21.2663,14.204810515873016,6.739784051111291,12.450250793650794,4.293542066550493,20.944594566984307,8.156708727100302
2023-11-06,85.16,95.3333,11.9461,10.9114,10.2032,2.1684,1.7783,32309704000.0,13.5826,23.5036,12.0,2.0,15.0,21.2663,14.199631944444445,6.740516266456192,12.497442857142856,4.25457820599738,20.94014821090064,8.242864651145476
2023-11-07,85.41,95.3333,11.6184,10.9434,10.2059,2.1747,1.7787,32404554000.0,13.5826,23.5036,12.0,2.0,15.0,21.2663,14.188037301587302,6.739919171828404,12.547195238095238,4.206707629467069,20.927956473415705,8.34048760862817
2023-11-08,84.12,95.3333,13.3301,10.7781,10.206,2.1419,1.7788,31915128000.0,13.5826,23.5036,12.0,2.0,15.0,21.2663,14.184933531746031,6.739953425522807,12.6171373015873,4.144941577252539,20.92488695726884,8.47219572433476
2023-11-09,84.67,95.3333,12.594,10.8486,10.206,2.1559,1.7793,32123798000.0,13.5826,23.5036,12.0,2.0,15.0,21.2663,14.176411111111111,6.739242642406893,12.682203174603174,4.078669056776873,20.915653753518004,8.603534117826301
2023-11-10,85.95,95.3333,10.9172,11.0126,10.206,2.1885,1.7793,32609430000.0,13.5826,23.5036,12.0,2.0,15.0,21.2663,14.1612501984127,6.737960108564876,12.729543650793651,4.022461048910065,20.89921030697757,8.707082601883586
2023-11-13,86.57,95.3333,10.1228,11.092,10.2032,2.2043,1.7788,32844658000.0,13.5826,23.5036,12.0,2.0,15.0,21.2663,14.143048412698413,6.736450924657202,12.750615079365078,4.001577021946484,20.87949933735561,8.749038057418595
2023-11-14,85.5,95.3333,11.5009,10.9549,10.2032,2.177,1.7789,32438700000.0,13.5826,23.5036,12.0,2.0,15.0,21.2663,14.125925793650794,6.732167528569999,12.775985714285714,3.9832523507648334,20.858093322220792,8.79273336352088
2023-11-15,82.66,95.3333,15.3318,10.5873,10.2059,2.1047,1.7793,31361204000.0,13.5826,23.5189,12.0,2.0,15.0,21.2663,14.119452777777775,6.729430568567338,12.814342857142858,3.984418294354631,20.848883346345115,8.829924562788227
2023-11-16,83.71,95.3333,13.8852,10.7217,10.2059,2.1314,1.7793,31759574000.0,13.5826,23.5189,12.0,2.0,15.0,21.2663,14.111998015873016,6.727600977965548,12.867540476190475,3.953245646810714,20.839598993838564,8.914294829379763
2023-11-17,83.6,95.3333,14.035,10.7077,10.2059,2.1286,1.7793,31717840000.0,13.5826,23.5189,12.0,2.0,15.0,21.2663,14.10664484126984,6.726584618756589,12.929983333333332,3.908448289881713,20.83322946002643,9.02153504345162
2023-11-20,84.46,95.3333,12.8739,10.8178,10.2032,2.1505,1.7789,32044124000.0,13.5826,23.5189,12.0,2.0,15.0,21.2663,14.096020634920636,6.724289702866884,12.954322222222222,3.898381955486341,20.82031033778752,9.05594026673588
2023-11-21,86.13,95.0625,10.371,11.0118,10.2059,2.1931,1.7793,32677722000.0,13.5826,23.5979,13.0,2.0,15.0,21.2663,14.077728174603177,6.721852903672284,12.94311507936508,3.903801942169976,20.79958107827546,9.0393131371951
2023-11-22,85.95,95.5,11.1111,10.9805,10.206,2.1885,1.7797,32609430000.0,13.5826,23.6182,13.0,2.0,15.0,21.2663,14.063104365079363,6.720270372559301,12.920476190476188,3.906107026499384,20.783374737638667,9.014369163976806
2023-11-24,86.6,95.5,10.2771,11.0636,10.2059,2.205,1.7793,32856040000.0,13.5826,23.6182,13.0,2.0,15.0,21.2663,14.052551587301586,6.72203460978489,12.898840476190475,3.9131885987194455,20.77458619708648,8.98565187747103
2023-11-27,87.0,95.5,9.7701,11.1147,10.2032,2.2152,1.7789,33007800000.0,13.5826,23.6182,13.0,2.0,15.0,21.2663,14.04429642857143,6.72473876939224,12.855749206349207,3.917542275125905,20.76903519796367,8.938206931223302
2023-11-28,84.45,95.5,13.0847,10.7889,10.2059,2.1503,1.7793,32040330000.0,13.5826,23.6182,13.0,2.0,15.0,21.2663,14.042875992063491,6.724865953610832,12.84153253968254,3.9134002847206912,20.767741945674324,8.928132254961849
2023-11-29,82.38,95.5,15.9262,10.5244,10.206,2.0976,1.7797,31254972000.0,13.5826,23.6182,13.0,2.0,15.0,21.2663,14.036851984126985,6.721809611584445,12.830246825396824,3.9023344777336977,20.758661595711427,8.927912347663128
2023-11-30,83.69,95.5,14.1116,10.6918,10.206,2.1309,1.7797,31751986000.0,13.5826,23.6182,13.0,2.0,15.0,21.2663,14.02632261904762,6.71751798033965,12.804158730158733,3.882485950403744,20.74384059938727,8.921672779754987
2023-12-01,82.63,95.5,15.5755,10.5564,10.206,2.1039,1.7797,31349822000.0,13.5826,23.6182,13.0,2.0,15.0,21.2663,14.010776388888887,6.704811004819991,12.80585238095238,3.8836570928486434,20.71558739370888,8.922195288103737
2023-12-04,81.99,94.8667,15.7052,10.571,10.2032,2.0876,1.7789,31107006000.0,13.5826,23.2435,12.0,2.0,15.0,21.2663,13.997591468253969,6.694905173952553,12.813711904761906,3.888550395581422,20.69249664220652,8.925161509180484
2023-12-05,81.85,94.8667,15.9031,10.553,10.2059,2.0841,1.7793,31053890000.0,13.5826,23.2435,12.0,2.0,15.0,21.2663,13.993754166666667,6.693254166935739,12.821863492063493,3.893980931121235,20.687008333602407,8.927882560942258
2023-12-06,79.97,94.8667,18.6279,10.3106,10.206,2.0362,1.7797,30340618000.0,13.5826,23.2435,12.0,2.0,15.0,21.2663,13.995101984126984,6.694120474760797,12.85228015873016,3.9243695832072776,20.68922245888778,8.927910575522883
2023-12-07,78.34,94.8667,21.0961,10.1004,10.2032,1.9947,1.7797,29722196000.0,13.5826,23.2435,12.0,2.0,15.0,21.2663,14.006175,6.701252010052743,12.898949206349206,3.987163894032781,20.70742701005274,8.911785312316425
2023-12-08,79.3,94.8667,19.6301,10.2242,10.2032,2.0191,1.7797,30086420000.0,13.5826,23.2435,12.0,2.0,15.0,21.2663,14.015502182539684,6.705809222716208,12.939742857142855,4.029641612380418,20.72131140525589,8.910101244762439
2023-12-11,79.61,94.8667,19.1643,10.2642,10.1987,2.027,1.7789,30204034000.0,13.5826,23.2435,12.0,2.0,15.0,21.2663,14.024062896825397,6.709629232872409,12.964071428571428,4.058020898415436,20.733692129697808,8.90605053015599
2023-12-12,80.28,94.8667,18.1698,10.3506,10.2006,2.0441,1.7789,30458232000.0,13.5826,23.2435,12.0,2.0,15.0,21.2663,14.031069642857142,6.7121154779247085,12.982073809523811,4.0761471907118185,20.743185120781853,8.905926618811993
2023-12-13,78.38,94.4375,20.4867,10.0939,10.1987,1.998,1.7793,29737372000.0,13.4557,23.2237,13.0,2.0,15.0,21.2663,14.04246388888889,6.718199672001984,13.01203253968254,4.117442616650775,20.76066356089088,8.894589923031766
2023-12-14,74.67,94.4375,26.4731,9.6197,10.1963,1.9035,1.7797,28329798000.0,13.4557,23.2174,13.0,2.0,15.0,21.2663,14.065315873015871,6.740862242195418,13.090426984126983,4.277150612908705,20.80617811521129,8.81327637121828
2023-12-15,73.42,94.4375,28.6264,9.4584,10.194,1.8569,1.7805,27855548000.0,13.8214,23.2178,13.0,2.0,15.0,21.2663,14.094525595238094,6.771989278754771,13.199044444444445,4.492846733384988,20.866514873992863,8.706197711059456
2023-12-18,74.65,94.4375,26.507,9.6167,10.1905,1.888,1.7814,28322210000.0,13.8214,23.2195,13.0,2.0,15.0,21.2663,14.12050734126984,6.794449061531519,13.277270634920637,4.636918865264957,20.91495640280136,8.640351769655677
2023-12-19,74.83,94.4375,26.2027,9.6399,10.1891,1.8926,1.7818,28390502000.0,13.8214,23.2195,13.0,2.0,15.0,21.2663,14.146650992063494,6.81554769310409,13.365723015873014,4.77538527379156,20.962198685167586,8.590337742081454
2023-12-20,73.61,94.4375,28.2944,9.4828,10.1855,1.8617,1.7821,27927634000.0,13.8214,23.2195,13.0,2.0,15.0,21.2663,14.172430555555556,6.844435917581444,13.481340476190477,4.957086996536154,21.016866473137,8.52425347965432
2023-12-21,74.16,94.4375,27.3429,9.5536,10.1804,1.8757,1.7827,28136304000.0,13.8214,23.2195,13.0,2.0,15.0,21.2663,14.192062698412698,6.868000845914327,13.586913492063491,5.10843579377247,21.060063544327026,8.478477698291021
2023-12-22,73.84,94.4375,27.8948,9.5124,10.1762,1.8676,1.7828,28014896000.0,13.8214,23.2195,13.0,2.0,15.0,21.2663,14.215503968253968,6.894569327408407,13.681743650793653,5.261202013418475,21.11007329566237,8.420541637375177
2023-12-26,73.51,94.4375,28.4689,9.4699,10.1689,1.8592,1.7838,27889694000.0,13.8214,23.2195,13.0,2.0,15.0,21.2663,14.242052380952382,6.923637776725025,13.780095238095235,5.419768763950764,21.165690157677407,8.360326474144472
2023-12-27,73.54,94.4375,28.4165,9.4738,10.1644,1.86,1.7838,27901076000.0,13.8214,23.2195,13.0,2.0,15.0,21.2663,14.26944226190476,6.952349934154448,13.88497142857143,5.573187994472858,21.22179219605921,8.311783434098572
2023-12-28,74.06,94.4375,27.5149,9.5407,10.1641,1.8731,1.7841,28098364000.0,13.8214,23.2195,13.0,2.0,15.0,21.2663,14.297372619047618,6.9772347786829165,13.999592857142858,5.703341239086771,21.27460739773053,8.296251618056086
2023-12-29,74.27,94.4375,27.1543,9.5678,10.1633,1.8784,1.7847,28178038000.0,13.8214,23.2195,13.0,2.0,15.0,21.2663,14.32631626984127,7.000260024915782,14.133173015873016,5.812603420670059,21.326576294757054,8.320569595202958
2024-01-02,75.55,94.4375,25.0,9.7327,10.1568,1.9108,1.7862,28663670000.0,13.8214,23.2195,13.0,2.0,15.0,21.2663,14.352637896825398,7.015417393536784,14.239478571428572,5.888001157480896,21.368055290362182,8.351477413947677
2024-01-03,76.94,94.4375,22.7417,9.9118,10.1522,1.946,1.7872,29191036000.0,13.8214,23.2195,13.0,2.0,15.0,21.2663,14.373128571428571,7.0248206403835765,14.316775396825395,5.935367916153899,21.397949211812147,8.381407480671498
2024-01-04,77.47,94.0625,21.418,9.9727,10.1474,1.9614,1.7899,29392118000.0,13.8225,23.2695,13.0,2.0,15.0,21.2663,14.39159503968254,7.03109219447387,14.388253968253968,5.966391444518483,21.42268723415641,8.421862523735484
2024-01-05,76.81,93.5625,21.8103,9.8827,10.147,1.9438,1.7899,29141714000.0,13.6158,22.9374,14.0,2.0,15.0,21.2663,14.409854365079363,7.038395692776271,14.473004761904765,5.995534980217893,21.44825005785564,8.477469781686871
2024-01-08,77.12,93.5294,21.2777,9.9269,10.1474,1.9432,1.7911,29259328000.0,13.7397,22.7241,15.0,2.0,15.0,21.2663,14.429562103174602,7.043700882321309,14.552584126984126,6.018921929640329,21.47326298549591,8.533662197343798
2024-01-09,76.15,93.2941,22.5136,9.8207,10.147,1.918,1.7914,28891310000.0,13.7559,22.5339,16.0,2.0,15.0,21.2663,14.44835515873016,7.052621058190346,14.65323015873016,6.045326832670207,21.500976216920503,8.607903326059951
2024-01-10,76.96,93.2941,21.2241,9.9305,10.147,1.934,1.7918,29198624000.0,13.8448,22.47,16.0,2.0,15.0,21.2663,14.465889484126984,7.058468686391351,14.74409523809524,6.057449579852594,21.524358170518337,8.686645658242647
2024-01-11,77.62,93.2941,20.1934,10.0013,10.147,1.9505,1.7919,29449028000.0,13.8448,22.6283,15.0,2.0,15.0,21.2663,14.482417857142856,7.062114109696026,14.826888888888888,6.060092998457595,21.54453196683888,8.766795890431293
2024-01-12,77.69,93.2941,20.0851,9.9951,10.147,1.9523,1.7933,29475586000.0,13.8448,22.6465,15.0,2.0,15.0,21.2663,14.503313095238097,7.063082404181401,14.904630158730155,6.064250712485623,21.566395499419496,8.840379446244533
2024-01-16,78.17,92.8824,18.821,10.0523,10.147,1.9644,1.7941,29657698000.0,13.8448,22.6532,15.0,2.0,15.0,21.2663,14.52227123015873,7.061820286880699,15.011538095238096,6.012992902558288,21.58409151703943,8.998545192679806
2024-01-17,78.67,92.7059,17.8415,10.1235,10.147,1.9773,1.7942,29847398000.0,13.8285,22.6002,15.0,2.0,15.0,21.2663,14.53761746031746,7.060610188202823,15.113051587301587,5.951137308538316,21.59822764852029,9.161914278763271
2024-01-18,78.96,92.7059,17.4087,10.1609,10.147,1.9846,1.796,29957424000.0,13.8285,22.6002,15.0,2.0,15.0,21.2663,14.55265992063492,7.05863073710217,15.205,5.8956986347132085,21.611290657737094,9.309301365286792
2024-01-19,80.88,92.5882,14.476,10.4128,10.1477,2.0329,1.7983,30685872000.0,13.8285,22.5945,15.0,2.0,15.0,21.2663,14.563219047619048,7.054518321255113,15.286554761904762,5.812740054282174,21.61773736887416,9.473814707622587
2024-01-22,80.47,92.5882,15.0593,10.36,10.1615,2.0226,1.8014,30530318000.0,13.8285,22.5945,15.0,2.0,15.0,21.2663,14.571123809523808,7.052834136019834,15.380478571428572,5.711006891630961,21.623957945543644,9.66947167979761
2024-01-23,80.34,92.5882,15.2455,10.3432,10.1621,2.0193,1.8026,30480996000.0,13.8285,22.5945,15.0,2.0,15.0,21.2663,14.57618234126984,7.0524008404978415,15.46498253968254,5.628361455060601,21.62858318176768,9.83662108462194
2024-01-24,80.13,92.5882,15.5475,10.3162,10.1627,2.028,1.803,30401322000.0,13.5552,22.5945,15.0,2.0,15.0,21.2663,14.58041904761905,7.0523415787392425,15.553618253968253,5.539626962146757,21.63276062635829,10.013991291821496
2024-01-25,79.6,92.5882,16.3168,10.2194,10.1637,2.0145,1.8048,30200240000.0,13.5552,22.5767,15.0,2.0,15.0,21.2663,14.583991071428573,7.052765054156009,15.65562619047619,5.432525006236763,21.636756125584583,10.223101184239423
2024-01-26,79.9,92.5882,15.8801,10.2579,10.1642,2.0221,1.8065,30314060000.0,13.5552,22.5767,15.0,2.0,15.0,21.2663,14.589232341269842,7.052744717051764,15.69024761904762,5.419829330725596,21.641977058321608,10.270418288322023
2024-01-29,79.73,92.5882,16.1272,10.2647,10.1735,2.0178,1.807,30249562000.0,13.5552,22.5945,15.0,2.0,15.0,21.2663,14.592729563492064,7.0530701078143165,15.694362698412698,5.419963756686629,21.64579967130638,10.27439894172607
2024-01-30,80.58,92.5882,14.9022,10.3741,10.1736,2.0393,1.8071,30572052000.0,13.5552,22.5945,15.0,2.0,15.0,21.2663,14.5926875,7.053068195039557,15.690023015873017,5.420380677718605,21.64575569503956,10.269642338154412
2024-01-31,82.43,92.5882,12.3234,10.6123,10.1762,2.0862,1.8077,31273942000.0,13.5552,22.5945,15.0,2.0,15.0,21.2663,14.586255753968253,7.053657768293885,15.658205555555556,5.428340285992402,21.639913522262137,10.229865269563154
2024-02-01,82.09,92.5882,12.7886,10.5685,10.1804,2.0776,1.8085,31144946000.0,13.5552,22.5945,15.0,2.0,15.0,21.2663,14.583778769841269,7.05407021401823,15.633183333333337,5.434287684291216,21.6378489838595,10.198895649042118
2024-02-02,83.3,92.5882,11.1503,10.7243,10.1855,2.1082,1.8089,31604020000.0,13.5552,22.5945,15.0,2.0,15.0,21.2663,14.582642857142858,7.0545779080187385,15.59551507936508,5.448877650086298,21.6372207651616,10.146637429278783
2024-02-05,83.66,92.5882,10.672,10.7707,10.1905,2.1173,1.81,31740604000.0,13.5552,22.5945,15.0,2.0,15.0,21.2663,14.58524246031746,7.052891411071337,15.546018253968256,5.465156226515699,21.6381338713888,10.080862027452556
2024-02-06,83.3,92.5882,11.1503,10.7243,10.1919,2.1082,1.8101,31604020000.0,13.5552,22.5945,15.0,2.0,15.0,21.2663,14.59159742063492,7.048340044390907,15.518226190476192,5.478625739656595,21.639937465025827,10.039600450819597
2024-02-07,84.42,92.5882,9.6757,10.8685,10.192,2.1365,1.8105,32028948000.0,13.5552,22.5945,15.0,2.0,15.0,21.2663,14.594354166666664,7.046140382030585,15.456325396825395,5.500356402967815,21.64049454869725,9.95596899385758
2024-02-08,82.76,92.5882,11.8755,10.6548,10.192,2.0945,1.8122,31399144000.0,13.5552,22.5945,15.0,2.0,15.0,21.2663,14.600799206349205,7.042155898459606,15.419561904761904,5.5087470053194805,21.642955104808813,9.910814899442425
2024-02-09,83.46,92.5882,10.9372,10.7449,10.192,2.1122,1.8137,31664724000.0,13.5552,22.5945,15.0,2.0,15.0,21.2663,14.60515615079365,7.03920212655456,15.369676190476191,5.5207340345635,21.64435827734821,9.848942155912692
2024-02-12,83.1,92.5882,11.4178,10.6688,10.192,2.1031,1.814,31528140000.0,13.5552,22.5767,15.0,2.0,15.0,21.2663,14.613197222222222,7.033227390680429,15.32384761904762,5.529444192635775,21.64642461290265,9.794403426411844
2024-02-13,84.06,92.5882,10.1454,10.8222,10.1922,2.1274,1.8142,31892364000.0,13.5552,22.5945,15.0,2.0,15.0,21.2663,14.610413293650794,7.034720419431308,15.27693888888889,5.548222994753795,21.645133713082103,9.728715894135096
2024-02-14,84.87,92.5882,9.0941,10.9266,10.194,2.1502,1.8142,32233626000.0,13.5552,22.5951,15.0,2.0,15.0,21.2663,14.599037698412696,7.0390030941413,15.221806349206348,5.57502166715418,21.638040792554,9.646784682052168
2024-02-15,87.4,96.125,9.9828,10.3756,10.1963,2.0198,1.8143,33194520000.0,8.2045,2.0958,6.0,2.0,15.0,21.2663,14.585008928571428,7.041147457257933,15.16881984126984,5.592949807978111,21.62615638582936,9.575870033291729
2024-02-16,86.11,96.125,11.6305,10.2225,10.1987,1.99,1.8143,32704578000.0,8.2045,2.0958,6.0,2.0,15.0,21.2663,14.573549007936508,7.041246737983787,15.09575873015873,5.578432665245892,21.614795745920297,9.517326064912837
2024-02-20,85.37,97.5625,14.2819,10.1045,10.1968,1.9819,1.8168,32423526000.0,8.3289,2.1865,6.0,2.0,15.0,21.2663,14.573505753968252,7.041248465903926,15.055849206349206,5.566012222850269,21.61475421987218,9.489836983498938
2024-02-21,84.71,97.5625,15.1724,10.0264,10.1963,1.9666,1.817,32172858000.0,8.3289,2.1865,6.0,2.0,15.0,21.2663,14.575086507936508,7.041293399479284,15.019343650793653,5.549893084411499,21.61637990741579,9.469450566382152
2024-02-22,85.82,98.3125,14.5566,10.1443,10.194,1.9849,1.8173,32594436000.0,8.3354,2.1776,6.0,2.0,15.0,21.2663,14.572160119047618,7.040993385705656,14.973106349206349,5.529083445067418,21.613153504753274,9.44402290413893
2024-02-23,87.29,98.3125,12.6274,10.3181,10.194,2.0189,1.8173,33152742000.0,8.3354,2.1776,6.0,2.0,15.0,21.2663,14.566041269841271,7.041341463932305,14.922075396825395,5.520752879376967,21.607382733773576,9.401322517448431
2024-02-26,87.28,98.3125,12.6404,10.3169,10.192,2.0186,1.8174,33148944000.0,8.3354,2.1776,6.0,2.0,15.0,21.2663,14.55650615079365,7.04068746188365,14.871273015873015,5.511987109439323,21.5971936126773,9.359285906433692
2024-02-27,87.22,98.3125,12.7178,10.3098,10.1922,2.0172,1.818,33126156000.0,8.3354,2.1776,6.0,2.0,15.0,21.2663,14.54440615079365,7.038592263033127,14.81108253968254,5.493589409456438,21.58299841382678,9.3174931302261
2024-02-28,88.28,98.3125,11.3644,10.4351,10.194,2.0418,1.8187,33528744000.0,8.3354,2.1776,6.0,2.0,15.0,21.2663,14.527773214285716,7.036177138163762,14.734616666666666,5.473786192137873,21.56395035244948,9.260830474528792
2024-02-29,87.59,98.3125,12.2417,10.3842,10.194,2.0258,1.8187,33266682000.0,8.3354,2.19,6.0,2.0,15.0,21.2663,14.52092738095238,7.036720614251033,14.684890476190477,5.467696113507755,21.55764799520341,9.217194362682722
2024-03-01,87.17,98.3125,12.7825,10.3344,10.194,2.0161,1.8187,33107166000.0,8.3354,2.19,6.0,2.0,15.0,21.2663,14.513059325396826,7.036442470613832,14.65580476190476,5.467993421778814,21.54950179601066,9.187811340125949
2024-03-04,87.14,98.3125,12.8213,10.3309,10.192,2.0154,1.8174,33095772000.0,8.3354,2.19,6.0,2.0,15.0,21.2663,14.49879861111111,7.032564607582248,14.624261904761903,5.467013736757608,21.53136321869336,9.157248168004294
2024-03-05,87.39,98.5625,12.7846,10.3344,10.1922,2.0212,1.818,33190722000.0,8.3354,2.1741,6.0,2.0,15.0,21.2663,14.49098373015873,7.032276152302258,14.594233333333335,5.466641926623624,21.523259882460987,9.127591406709712
2024-03-06,88.82,98.5625,10.9688,10.5035,10.194,2.0542,1.8187,33733836000.0,8.3354,2.1741,6.0,2.0,15.0,21.2663,14.476780753968256,7.03214649722652,14.535768253968254,5.465702878285955,21.508927251194773,9.070065375682296
2024-03-07,87.69,98.5625,12.3988,10.3699,10.194,2.0281,1.8187,33304662000.0,8.3354,2.1741,6.0,2.0,15.0,21.2663,14.462664682539682,7.029156331341577,14.49577857142857,5.462734541888008,21.491821013881257,9.033044029540562
2024-03-08,87.61,98.5625,12.5014,10.3604,10.194,2.0263,1.8187,33274278000.0,8.3354,2.1741,6.0,2.0,15.0,21.2663,14.439378571428572,7.016137375880909,14.480831746031749,5.465616629419171,21.455515947309483,9.015215116612575
2024-03-11,90.31,98.5625,9.138,10.6797,10.192,2.0887,1.8174,34299738000.0,8.3354,2.1741,6.0,2.0,15.0,21.2663,14.408300198412698,7.0048285885019,14.432023015873016,5.485774304918612,21.4131287869146,8.946248710954404
2024-03-12,90.92,98.5625,8.4057,10.7519,10.1922,2.1028,1.818,34531416000.0,8.3354,2.1741,6.0,2.0,15.0,21.2663,14.38386726190476,7.00424589959029,14.395284126984128,5.510650948487418,21.388113161495053,8.884633178496708
2024-03-13,91.0,98.5625,8.3104,10.7613,10.194,2.1047,1.8187,34561800000.0,8.3354,2.1741,6.0,2.0,15.0,21.2663,14.3573375,7.00187236871646,14.357788888888887,5.535996379900804,21.35920986871646,8.821792508988086
2024-03-14,91.03,98.5625,8.2747,10.7649,10.194,2.1054,1.8187,34573194000.0,8.3354,2.1741,6.0,2.0,15.0,21.2663,14.33353492063492,7.002119268165633,14.314627777777778,5.562201351574886,21.33565418880056,8.752426426202891
2024-03-15,91.88,98.5625,7.2731,10.8654,10.194,2.125,1.819,34896024000.0,8.3354,2.1741,6.0,2.0,15.0,21.2663,14.310835515873016,7.006434308408209,14.271850793650794,5.5956305524184335,21.317269824281222,8.676220241232361
2024-03-18,91.4,98.5625,7.8364,10.8086,10.192,2.1139,1.8187,34713720000.0,8.3354,2.1741,6.0,2.0,15.0,21.2663,14.291669047619049,7.01091412848933,14.232865079365078,5.623371506992052,21.30258317610837,8.609493572373026
2024-03-19,91.67,98.5625,7.5188,10.8406,10.192,2.1202,1.8188,34816266000.0,8.3354,2.1741,6.0,2.0,15.0,21.2663,14.271073015873018,7.015540954925991,14.208795238095238,5.645700910602368,21.28661397079901,8.56309432749287
2024-03-20,92.23,98.5625,6.866,10.9068,10.1922,2.1331,1.819,35028954000.0,8.3354,2.1741,6.0,2.0,15.0,21.2663,14.248426984126985,7.020995102992728,14.186352380952382,5.669363521591604,21.269422087119715,8.516988859360778
2024-03-21,90.69,99.0625,9.232,10.7096,10.1922,2.0975,1.819,34444062000.0,8.3354,2.1688,6.0,2.0,15.0,21.2663,14.227096626984126,7.019870245860358,14.183971428571429,5.671396469750322,21.246966872844485,8.512574958821107
2024-03-22,90.68,99.0625,9.244,10.7084,10.1922,2.0871,1.819,34440264000.0,9.2586,2.2751,5.0,2.0,15.0,21.2663,14.212404166666667,7.022539926052667,14.170534126984126,5.681148216748556,21.23494409271933,8.489385910235569
2024-03-25,90.99,99.25,9.0779,10.7348,10.1919,2.0943,1.819,34558002000.0,9.2586,2.2715,5.0,2.0,15.0,21.2663,14.197185714285714,7.025344471620168,14.16306507936508,5.687265276180641,21.22253018590588,8.475799803184438
2024-03-26,90.59,99.25,9.5596,10.6876,10.192,2.0851,1.8197,34406082000.0,9.2586,2.2715,5.0,2.0,15.0,21.2663,14.180387698412698,7.0262933572145245,14.161463492063492,5.688543013652597,21.20668105562722,8.472920478410895
2024-03-27,91.48,99.25,8.4937,10.7926,10.1922,2.1055,1.821,34744104000.0,9.2586,2.2715,5.0,2.0,15.0,21.2663,14.164108333333331,7.029951475095411,14.152581746031746,5.696569821320844,21.194059808428744,8.456011924710902
2024-03-28,92.44,99.25,7.3669,10.9058,10.1922,2.1276,1.821,35108712000.0,9.2586,2.2715,5.0,2.0,15.0,21.2663,14.148216269841267,7.036255779410861,14.132825396825396,5.715873243744048,21.18447204925213,8.416952153081347
2024-04-01,92.31,99.6875,7.9921,10.885,10.1905,2.1246,1.8197,35059338000.0,9.2586,2.2708,5.0,2.0,15.0,21.2663,14.133227976190476,7.04131581221481,14.124011904761906,5.724541148977481,21.174543788405288,8.399470755784424
2024-04-02,91.49,99.6875,8.96,10.7883,10.1919,2.1058,1.821,34747902000.0,9.2586,2.2708,5.0,2.0,15.0,21.2663,14.12469246031746,7.044980577839036,14.101914285714283,5.739155955082032,21.169673038156496,8.362758330632253
2024-04-03,92.23,99.6875,8.0858,10.8755,10.192,2.1228,1.8223,35028954000.0,9.2586,2.2708,5.0,2.0,15.0,21.2663,14.113865674603174,7.050068189207591,14.068364285714289,5.762007173358391,21.163933863810765,8.306357112355895
2024-04-04,91.09,100.125,9.9188,10.7416,10.192,2.0966,1.8228,34595982000.0,9.2586,2.1518,6.0,2.0,15.0,21.2663,14.105558333333333,7.05254418060976,14.020442857142855,5.771276320169382,21.15810251394309,8.249166536973473
2024-04-05,94.9,101.75,7.2181,11.1623,10.192,2.1693,1.8243,36043020000.0,9.2835,2.1473,6.0,2.0,15.0,21.2663,14.092823611111111,7.05918463032856,13.979681746031744,5.801199384284547,21.15200824143968,8.178482361747196
2024-04-08,94.55,101.75,7.615,11.1212,10.192,2.1604,1.8252,35910090000.0,9.3218,2.2454,6.0,2.0,15.0,21.2663,14.07350138888889,7.063568609954332,13.951070634920637,5.823764744123004,21.13706999884322,8.127305890797631
2024-04-09,91.22,101.75,11.5435,10.7295,10.1922,2.0843,1.826,34645356000.0,9.3218,2.2454,6.0,2.0,15.0,21.2663,14.06398392857143,7.06373985559729,13.956862698412698,5.82098173793706,21.12772378416872,8.135880960475639
2024-04-10,92.19,103.5,12.2681,10.8036,10.194,2.0715,1.8268,35013762000.0,10.8268,2.5749,6.0,2.0,15.0,21.2663,14.054976984126984,7.063128649539499,13.967226984126984,5.816768126187025,21.118105633666485,8.15045885793996
2024-04-11,91.31,103.5,13.3501,10.7004,10.194,2.0518,1.8268,34679538000.0,10.8268,2.5749,6.0,2.0,15.0,21.2663,14.047014087301587,7.061653475036164,13.983919047619048,5.811914995451462,21.10866756233775,8.172004052167583
2024-04-12,89.98,103.5,15.0256,10.5253,10.194,2.0219,1.8271,34174404000.0,10.8268,2.5705,6.0,2.0,15.0,21.2663,14.047001984126982,7.061651789226205,14.02497142857143,5.8007604665437125,21.108653773353183,8.224210962027717
2024-04-15,89.76,103.8125,15.6556,10.4859,10.192,2.002,1.8297,34090848000.0,11.3691,2.9128,6.0,2.0,15.0,21.2663,14.045781150793651,7.061319732041065,14.068153174603175,5.792414751996713,21.107100882834715,8.275738422606462
2024-04-16,90.86,103.8125,14.2554,10.6144,10.1922,2.0265,1.8306,34508628000.0,11.3691,2.9128,6.0,2.0,15.0,21.2663,14.038798611111112,7.0593648818605415,14.110500793650791,5.773948448366911,21.09816349297165,8.336552345283883
2024-04-17,90.63,103.8125,14.5454,10.5875,10.194,2.0214,1.8314,34421274000.0,11.3691,2.9128,6.0,2.0,15.0,21.2663,14.033075396825398,7.057779252572363,14.170684126984128,5.738254837177007,21.09085464939776,8.432429289807121
2024-04-18,91.39,103.8125,13.5928,10.6763,10.194,2.0383,1.8359,34709922000.0,11.3691,2.9128,6.0,2.0,15.0,21.2663,14.030932738095238,7.05774860642049,14.232323015873016,5.6894094999204725,21.088681344515727,8.542913515952543
2024-04-19,92.93,103.8125,11.7104,10.8562,10.1963,2.0727,1.8377,35294814000.0,11.3691,2.9099,6.0,2.0,15.0,21.2663,14.023464682539684,7.058209635063765,14.267523015873016,5.6596642820740986,21.08167431760345,8.607858733798919
2024-04-22,93.85,103.8125,10.6153,10.9637,10.1963,2.0932,1.8406,35644230000.0,11.3691,2.9099,6.0,2.0,15.0,21.2663,14.01513511904762,7.05975253092829,14.277060317460316,5.652427214258666,21.07488764997591,8.62463310320165
2024-04-23,93.78,103.8125,10.6979,10.9555,10.1968,2.0916,1.8419,35617644000.0,11.3691,2.9099,6.0,2.0,15.0,21.2663,14.011711706349203,7.0609442172676165,14.276550793650792,5.65274948066502,21.07265592361682,8.623801312985773
2024-04-24,93.19,103.8125,11.3988,10.8866,10.1987,2.0785,1.8432,35393562000.0,11.3691,2.9099,6.0,2.0,15.0,21.2663,14.006463095238097,7.061903194415981,14.271939682539683,5.654874564664718,21.06836628965408,8.617065117874965
2024-04-25,93.05,103.8125,11.5664,10.8702,10.2006,2.0753,1.8445,35340390000.0,11.3691,2.9099,6.0,2.0,15.0,21.2663,13.992268253968255,7.059598468840555,14.285277777777775,5.646421946980363,21.05186672280881,8.638855830797414
2024-04-26,90.9,103.8125,14.2052,10.619,10.2006,2.0274,1.846,34523820000.0,11.3691,2.9099,6.0,2.0,15.0,21.2663,13.980385515873014,7.054176958787786,14.320290476190475,5.632006307942833,21.0345624746608,8.688284168247643
2024-04-29,91.25,103.8125,13.7671,10.6599,10.2007,2.0389,1.8521,34720625000.0,11.3691,2.9099,6.0,2.0,15.0,21.2663,13.966505555555552,7.047684853256654,14.34083492063492,5.625171195649967,21.01419040881221,8.715663724984953
2024-04-30,93.54,106.0,13.3205,10.746,10.2033,2.0358,1.8522,35591970000.0,12.5168,3.1888,6.0,2.0,6.0,21.2663,13.958838095238097,7.046278449093783,14.346013492063491,5.623919060731208,21.00511654433188,8.722094431332284
2024-05-01,95.8,106.0,10.6472,10.966,10.2059,2.085,1.853,36451900000.0,12.5168,3.1819,6.0,2.0,6.0,21.2663,13.937927182539685,7.040422970716671,14.346374603174604,5.623678171089552,20.97835015325636,8.722696432085051
2024-05-02,95.17,106.0,11.3796,10.8939,10.2059,2.0713,1.8541,36212185000.0,12.5168,3.1819,6.0,2.0,6.0,21.2663,13.912730753968257,7.026769644515427,14.361120634920637,5.613352242606024,20.93950039848368,8.747768392314612
2024-05-03,94.41,106.0,12.2762,10.8069,10.2059,2.0547,1.855,35923005000.0,12.5168,3.1819,6.0,2.0,6.0,21.2663,13.890440079365082,7.014069797593055,14.41504761904762,5.559745646969255,20.904509876958137,8.855301972078365
2024-05-06,97.14,106.0,9.1209,11.1115,10.2084,2.1094,1.8573,36961770000.0,12.7211,3.1901,6.0,2.0,6.0,21.2663,13.866216666666666,7.009407517472736,14.404383333333334,5.568665255082162,20.875624184139404,8.835718078251173
2024-05-07,98.21,106.3125,8.2502,11.1979,10.2097,2.1327,1.8575,37368905000.0,12.7211,3.1835,6.0,2.0,6.0,21.2663,13.844743452380952,7.010003082060176,14.382811904761905,5.587315688845264,20.854746534441126,8.79549621591664
2024-05-08,98.93,106.3125,7.4623,11.28,10.211,2.1483,1.8578,37642865000.0,12.7211,3.1835,6.0,2.0,6.0,21.2663,13.81733273809524,7.007891893724829,14.34722619047619,5.617158311276962,20.825224631820067,8.730067879199229
2024-05-09,99.63,106.3125,6.7073,11.3707,10.2123,2.142,1.8579,37909215000.0,12.7395,3.1816,6.0,2.0,6.0,21.2663,13.788889285714284,7.007599323007327,14.308249206349206,5.653168312863031,20.79648860872161,8.655080893486176
2024-05-10,100.05,106.3125,6.2594,11.419,10.214,2.151,1.8592,38069025000.0,12.7395,3.1816,6.0,2.0,6.0,21.2663,13.752546626984126,6.999035306581275,14.25213253968254,5.697872873454793,20.7515819335654,8.554259666227747
2024-05-13,97.91,106.3125,8.5819,11.1748,10.2181,2.105,1.86,37254755000.0,12.7395,3.1816,6.0,2.0,6.0,21.2663,13.723889087301586,6.99055665439523,14.220290476190476,5.718387038491524,20.714445741696817,8.501903437698953
2024-05-14,97.9,106.3125,8.593,11.1736,10.2192,2.1048,1.8608,37250950000.0,12.7395,3.1816,6.0,2.0,6.0,21.2663,13.694933333333331,6.981501185366347,14.201844444444443,5.732857513939115,20.67643451869968,8.468986930505327
2024-05-15,97.87,106.3125,8.6262,11.1702,10.2193,2.1042,1.8617,37239535000.0,12.7395,3.1816,6.0,2.0,6.0,21.2663,13.663396031746032,6.968387940492995,14.189966666666669,5.742917962499489,20.631783972239027,8.447048704167177
2024-05-16,98.82,106.3125,7.582,11.2705,10.2196,2.1246,1.8626,37601010000.0,12.7395,3.1811,6.0,2.0,6.0,21.2663,13.634692658730158,6.963573028252535,14.158864285714284,5.768154365000435,20.598265686982693,8.39070992071385
2024-05-17,100.99,106.3125,5.2703,11.518,10.2211,2.1713,1.8635,38426695000.0,12.7395,3.1811,6.0,2.0,3.5323,21.2663,13.601875396825395,6.963941500933123,14.07901111111111,5.821187474365934,20.56581689775852,8.257823636745176
2024-05-20,100.17,106.3125,6.1321,11.4245,10.2252,2.1536,1.8644,38114685000.0,12.7395,3.1811,6.0,2.0,3.5323,21.2663,13.574737698412696,6.966352221383338,14.01747857142857,5.864071429982452,20.54108991979604,8.15340714144612
2024-05-21,101.65,106.3125,4.5868,11.5933,10.2263,2.1854,1.8656,38677825000.0,12.7395,3.1811,6.0,2.0,3.5323,21.2663,13.539034523809525,6.966212982635635,13.942492857142858,5.923948432107412,20.50524750644516,8.018544425035445
2024-05-22,102.7,106.3125,3.5175,11.713,10.2264,2.208,1.8667,39077350000.0,12.7395,3.1811,6.0,2.0,3.5323,21.2663,13.49798253968254,6.964180919454825,13.868235714285714,5.995658051709886,20.462163459137365,7.872577662575828
2024-05-23,101.93,106.3125,4.2995,11.6252,10.2276,2.1915,1.867,38784365000.0,12.7395,3.1811,6.0,2.0,3.5323,21.2663,13.45956746031746,6.961409514262215,13.820049206349204,6.048158010683805,20.42097697457968,7.7718911956654
2024-05-24,103.36,106.875,3.4007,11.7658,10.23,2.2222,1.8676,39328480000.0,12.7395,3.1746,6.0,2.0,3.5323,21.2663,13.425155555555556,6.968191224868206,13.758855555555556,6.11442852265428,20.39334678042376,7.644427032901276
2024-05-28,102.25,106.875,4.5232,11.6394,10.2328,2.184,1.8696,38906125000.0,12.7395,3.1746,6.0,2.0,3.5323,21.2663,13.392035912698413,6.970758869091172,13.713189682539683,6.161942209892268,20.362794781789585,7.551247472647415
2024-05-29,101.55,107.25,5.613,11.5465,10.2344,2.169,1.8705,38639775000.0,12.7395,3.2969,6.0,2.0,3.5323,21.2663,13.362529563492064,6.972152768539375,13.680196825396823,6.194267954681099,20.33468233203144,7.4859288707157265
2024-05-30,101.41,107.25,5.7588,11.5305,10.2346,2.166,1.8715,38586505000.0,12.7395,3.2969,6.0,2.0,3.5323,21.2663,13.336664484126985,6.976139370606007,13.622054761904762,6.234155856282105,20.31280385473299,7.387898905622657
2024-05-31,102.63,107.25,4.5016,11.6693,10.2372,2.1921,1.8728,39050715000.0,12.7395,3.2969,6.0,2.0,3.5323,21.2663,13.310241865079364,6.98434468750287,13.531383333333332,6.283263566036309,20.294586552582235,7.248119767297023
2024-06-03,101.7,107.25,5.4572,11.5635,10.2435,2.1722,1.8762,38696850000.0,12.7395,3.2969,6.0,2.0,3.5323,21.2663,13.285715277777776,6.990183454728462,13.46269761904762,6.324040785136795,20.27589873250624,7.138656833910824
2024-06-04,100.86,107.875,6.9552,11.4477,10.2444,2.1543,1.8768,38377230000.0,12.7395,3.2969,6.0,2.0,4.1504,21.2663,13.260712103174605,6.990245148483445,13.39428253968254,6.3475855657794815,20.250957251658047,7.046696973903058
2024-06-05,99.68,107.875,8.2213,11.3138,10.2459,2.1291,1.8776,37928240000.0,12.7395,3.2969,6.0,2.0,4.1504,21.2663,13.241719047619048,6.990908492100587,13.334886507936508,6.360789390789153,20.23262753971964,6.974097117147355
2024-06-06,100.08,107.9375,7.8512,11.3246,10.2484,2.1362,1.8788,38080440000.0,12.8115,3.3621,6.0,2.0,4.4109,21.2663,13.218239880952382,6.989097876129896,13.27098253968254,6.375211844675596,20.20733775708228,6.895770695006944
2024-06-07,100.57,107.9375,7.3257,11.38,10.2493,2.1467,1.8803,38266885000.0,12.8115,3.3621,6.0,2.0,4.4109,21.2663,13.195633928571429,6.989695914279422,13.18128253968254,6.378747068521531,20.185329842850848,6.802535471161009
2024-06-10,100.58,107.9375,7.3151,11.3812,10.253,2.1469,1.8832,38270690000.0,12.8115,3.3621,6.0,2.0,4.4109,21.2663,13.17459642857143,6.991410366541661,13.071909523809524,6.360070605361854,20.16600679511309,6.711838918447669
2024-06-11,99.58,107.9375,8.3927,11.268,10.2538,2.1255,1.8838,37890190000.0,12.8115,3.3621,6.0,2.0,4.4109,21.2663,13.152648214285714,6.989019250627538,12.982723809523808,6.3461454046049015,20.14166746491325,6.6365784049189065
2024-06-12,99.16,107.9375,8.8519,11.2205,10.2544,2.1166,1.8841,37730380000.0,12.8115,3.3621,6.0,2.0,4.4109,21.2663,13.126437301587302,6.980305193820937,12.900879365079366,6.33226846906937,20.10674249540824,6.568610896009996
2024-06-13,99.15,107.9375,8.8628,11.2194,10.2568,2.1163,1.8852,37726575000.0,12.8115,3.3621,6.0,2.0,4.4109,21.2663,13.097142261904764,6.9671164621553165,12.827014285714286,6.324593326723358,20.06425872406008,6.502420958990928
2024-06-14,97.26,107.9375,10.9783,11.0055,10.2571,2.076,1.8865,37007430000.0,12.8115,3.3621,6.0,2.0,4.4109,21.2663,13.065130357142856,6.9396040358971645,12.751550793650797,6.289095016458148,20.00473439304002,6.462455777192647
2024-06-17,99.21,107.9375,8.797,11.2262,10.2591,2.1176,1.8886,37749405000.0,12.8115,3.3621,6.0,2.0,4.4109,21.2663,13.031960714285711,6.919905597383786,12.611264285714284,6.176709387218541,19.95186631166949,6.434554898495744
2024-06-18,100.8,107.9375,7.0809,11.4061,10.2593,2.1516,1.8892,38354400000.0,12.8115,3.3621,6.0,2.0,4.4109,21.2663,12.992215873015876,6.8963592900630974,12.440268253968254,6.026198482594436,19.88857516307897,6.414069771373818
2024-06-20,102.45,107.9375,5.3563,11.5928,10.2618,2.1868,1.8901,38982225000.0,12.8115,3.3621,6.0,2.0,4.4109,21.2663,12.938538095238094,6.85005167811887,12.272405555555556,5.92495925358886,19.788589773356964,6.347446301966697
2024-06-21,101.89,107.9375,5.9353,11.5294,10.2644,2.1748,1.8918,38769145000.0,12.8115,3.3621,6.0,2.0,4.4109,21.2663,12.893091666666669,6.820258674998044,12.111553174603175,5.817895505114303,19.71335034166471,6.293657669488872
2024-06-24,102.43,107.9375,5.3768,11.5905,10.2723,2.1864,1.8926,38974615000.0,12.8115,3.3621,6.0,2.0,4.4109,21.2663,12.849978968253968,6.798882267250253,11.92966746031746,5.66412746922702,19.64886123550422,6.265539991090441
2024-06-25,102.15,107.9375,5.6657,11.5588,10.2759,2.1804,1.8929,38868075000.0,12.8115,3.3621,6.0,2.0,4.4109,21.2663,12.806164285714283,6.773788916988937,11.757626190476191,5.519588880678339,19.579953202703223,6.2380373097978525
2024-06-26,99.77,107.9375,8.1863,11.2895,10.2773,2.1296,1.8932,37962485000.0,12.8115,3.3621,6.0,2.0,4.4109,21.2663,12.767757936507936,6.744879987730146,11.601209523809525,5.33478841626432,19.51263792423808,6.266421107545203
2024-06-27,101.02,107.9375,6.8477,11.431,10.279,2.1563,1.8952,38438110000.0,12.8115,3.3621,6.0,2.0,4.4109,21.2663,12.73391626984127,6.731670416542306,11.4296126984127,5.131754220380869,19.46558668638357,6.29785847803183
2024-06-28,100.89,108.5625,7.6048,11.4163,10.2806,2.1535,1.8954,38388645000.0,12.8115,3.2939,7.0,2.0,4.4109,21.2663,12.702178174603176,6.7180286869118255,11.264440476190476,4.910804422530791,19.420206861515,6.3536360536596845
2024-07-01,100.65,108.5625,7.8614,11.3891,10.2822,2.1484,1.9022,38297325000.0,12.8115,3.2939,7.0,2.0,4.4109,21.2663,12.669633333333334,6.701617566346651,11.108460317460317,4.698031675705488,19.371250899679985,6.410428641754828
2024-07-02,100.0,108.5625,8.5625,11.3161,10.2822,2.1345,1.9024,38050000000.0,12.8115,3.2939,7.0,2.0,4.4109,21.2663,12.637926984126985,6.6831099162314285,10.960906349206349,4.476791129543436,19.32103690035841,6.484115219662913
2024-07-03,97.65,108.5625,11.1751,11.0461,10.2828,2.0843,1.9026,37155825000.0,12.8115,3.2931,7.0,2.0,4.4109,21.2663,12.616075992063491,6.669813645650989,10.85118492063492,4.29570966691305,19.285889637714483,6.55547525372187
2024-07-05,98.15,108.5625,10.6088,11.1027,10.2877,2.095,1.904,37346075000.0,12.8115,3.2931,7.0,2.0,4.4109,21.2663,12.595528571428572,6.6599875108254105,10.754892063492065,4.160909787815154,19.255516082253983,6.593982275676909
2024-07-08,98.26,108.9375,10.8666,11.1197,10.2909,2.1005,1.9055,37387930000.0,12.6929,3.2897,7.0,2.0,4.4109,21.2663,12.56696507936508,6.636381804588444,10.671150793650794,4.049269863029482,19.20334688395352,6.621880930621312
2024-07-09,98.0,108.9375,11.1607,11.0902,10.2931,2.0949,1.9064,37289000000.0,12.6963,3.2897,7.0,2.0,4.4109,21.2663,12.540282142857142,6.61486923241768,10.586630158730156,3.924112338234294,19.155151375274823,6.662517820495864
2024-07-10,97.5,109.625,12.4359,11.0189,10.2953,2.0657,1.9078,37098750000.0,12.9475,3.3609,8.0,2.0,4.4109,21.2663,12.516460515873018,6.593507103349207,10.516457142857144,3.808761031315567,19.109967619222225,6.707696111541577
2024-07-11,97.0,109.5625,12.951,10.9585,10.2967,2.0551,1.9096,36908500000.0,12.9475,3.3599,8.0,2.0,4.4972,21.2663,12.49182876984127,6.568552521278665,10.440563492063491,3.6601665489668576,19.06038129111993,6.780396943096635
2024-07-12,96.5,109.5625,13.5363,10.902,10.3007,2.0445,1.9102,36718250000.0,12.9475,3.3599,8.0,2.0,4.4972,21.2663,12.468657142857143,6.544134470584587,10.379549206349209,3.541109718780091,19.01279161344173,6.838439487569116
2024-07-15,97.16,109.5625,12.765,10.9527,10.3077,2.0465,1.9108,36969380000.0,12.9475,3.3585,8.0,2.0,4.4972,21.2663,12.442397619047618,6.516224364625032,10.32059365079365,3.436711239187665,18.95862198367265,6.883882411605986
2024-07-16,97.11,109.5625,12.8231,10.9316,10.3098,2.0455,1.9112,36950355000.0,12.9475,3.3573,8.0,2.0,4.4972,21.2663,12.416423015873017,6.48844917506495,10.262958730158733,3.3309114988967554,18.904872190937965,6.932047231261976
2024-07-17,97.87,109.5625,11.947,11.0172,10.3101,2.0615,1.9116,37239535000.0,12.9475,3.3573,8.0,2.0,4.4972,21.2663,12.3812001984127,6.442463425881164,10.208403174603172,3.2448017953874,18.823663624293864,6.963601379215773
2024-07-18,98.24,109.5625,11.5253,11.0588,10.3105,2.0693,1.9122,37380320000.0,12.9475,3.3573,8.0,2.0,4.4972,21.2663,12.349461904761904,6.40703246954328,10.158274603174602,3.1739511835422576,18.756494374305184,6.984323419632345
2024-07-19,96.1,109.5625,14.0088,10.8179,10.3111,2.0242,1.9123,36566050000.0,12.9475,3.3573,8.0,2.0,4.4972,21.2663,12.32241626984127,6.371028647682807,10.13129126984127,3.125907101883009,18.69344491752408,7.005384167958262
2024-07-22,96.57,109.5625,13.454,10.8708,10.3159,2.0341,1.9138,36744885000.0,12.9475,3.3573,8.0,2.0,4.4972,21.2663,12.298829365079364,6.344683403141062,10.12318015873016,3.1158530273430154,18.643512768220425,7.007327131387144
2024-07-23,96.23,109.5625,13.8548,10.8326,10.3162,2.027,1.914,36615515000.0,12.9475,3.3573,8.0,2.0,4.4972,21.2663,12.275355555555556,6.31688174390572,10.113620634920634,3.102406426123156,18.592237299461274,7.011214208797478
2024-07-24,96.4,109.5625,13.654,10.8517,10.3166,2.0305,1.9144,36680200000.0,12.9475,3.3573,8.0,2.0,4.4972,21.2663,12.25199523809524,6.289859072859895,10.100989682539682,3.084533938443887,18.54185431095513,7.016455744095795
2024-07-25,94.47,109.5625,15.976,10.6344,10.3169,1.9899,1.9158,35945835000.0,12.9475,3.3573,8.0,2.0,4.4972,21.2663,12.23221626984127,6.262329259009233,10.104390476190476,3.090816741935379,18.4945455288505,7.013573734255097
2024-07-26,96.91,109.5625,13.0559,10.9091,10.3175,2.0413,1.9173,36874255000.0,12.9475,3.3573,8.0,2.0,4.4972,21.2663,12.208967857142856,6.237379538029526,10.078510317460315,3.0517883285660816,18.44634739517238,7.026721988894236
2024-07-29,97.01,109.5625,12.9394,10.9204,10.3199,2.0434,1.9206,36912305000.0,12.9475,3.3573,8.0,2.0,4.4972,21.2663,12.186383531746031,6.213996866747389,10.055171428571429,3.018124072409317,18.40038039849342,7.037047356162109
2024-07-30,98.2,109.5625,11.5708,11.0352,10.3199,2.0795,1.9208,37473120000.0,12.799,3.5174,8.0,2.0,4.4972,21.2663,12.161306547619049,6.190839135272638,10.019009523809522,2.9717293893603496,18.352145682891685,7.0472801344491725
2024-07-31,95.78,110.6875,15.5643,10.6792,10.3199,1.9956,1.9212,36549648000.0,12.9711,3.793,8.0,2.0,4.063,21.2663,12.138517261904765,6.156970303298923,10.024264285714285,2.9810040771648985,18.29548756520369,7.043260208549386
2024-08-01,97.1,110.5,13.8002,10.8261,10.3199,2.0232,1.9216,37053360000.0,12.9711,4.0233,9.0,2.0,4.063,21.2663,12.11778492063492,6.133657107460346,10.035984920634922,2.992995182035924,18.251442028095266,7.0429897385989975
2024-08-02,98.67,110.8125,12.3062,10.9757,10.3249,2.0539,1.9225,37652472000.0,13.047,4.1674,9.0,2.0,4.063,21.2663,12.087789285714283,6.095502663195347,10.03215634920635,2.9897527119009064,18.18329194890964,7.042403637305443
2024-08-05,96.06,110.875,15.4227,10.6816,10.3257,1.9856,1.9261,36656496000.0,13.3188,4.6028,9.0,2.0,4.063,21.2663,12.063627976190476,6.057911467056474,10.066064285714289,3.0265366439535715,18.12153944324695,7.039527641760715
2024-08-06,96.64,111.125,14.9886,10.7118,10.3283,2.0055,1.9262,36877824000.0,13.3071,4.6418,10.0,2.0,4.063,21.2663,12.039012698412698,6.020582466507768,10.100323015873014,3.0577204917169083,18.059595164920463,7.042602524156106
2024-08-07,96.8,111.125,14.7986,10.7446,10.3309,2.0193,1.9264,36938880000.0,13.0358,4.653,10.0,2.0,4.063,21.2663,12.013171626984125,5.9805199274072525,10.129277777777778,3.084895518461149,17.993691554391376,7.044382259316629
2024-08-08,98.4,111.0625,12.8684,10.9068,10.333,2.0758,1.9265,37549440000.0,12.3933,4.6745,10.0,1.0,6.1259,21.2663,11.985005952380952,5.942804982307368,10.154616666666666,3.094238133376205,17.92781093468832,7.060378533290461
2024-08-09,98.79,111.0625,12.4228,10.95,10.3336,2.0649,1.927,37698264000.0,12.9076,4.6763,10.0,1.0,6.1259,21.2663,11.95789761904762,5.909425113753732,10.158960317460318,3.097056075903721,17.86732273280135,7.061904241556597
2024-08-12,97.97,111.0625,13.3638,10.8591,10.3344,2.0478,1.9283,37385352000.0,12.9076,4.6763,10.0,1.0,6.1259,21.2663,11.935457738095238,5.882455758453106,10.178219047619049,3.1094541634366863,17.817913496548343,7.068764884182361
2024-08-13,97.73,111.0625,13.6422,10.8325,10.3373,2.0428,1.9284,37293768000.0,12.9076,4.6763,10.0,1.0,6.1259,21.2663,11.916742460317462,5.861914419278775,10.195873015873016,3.122833947462703,17.778656879596237,7.073039068410313
2024-08-14,100.9,111.0625,10.0719,11.1839,10.3402,2.109,1.9285,38503440000.0,12.9076,4.6763,10.0,1.0,6.1259,21.2663,11.894926388888887,5.848236237779745,10.195289682539682,3.122850315767977,17.743162626668635,7.072439366771706
2024-08-15,101.65,111.0625,9.2597,11.267,10.3432,2.1247,1.9287,38789640000.0,12.9076,4.6763,10.0,1.0,6.1259,21.2663,11.876911706349206,5.842327321233439,10.196603968253967,3.122417977821609,17.719239027582645,7.07418599043236
2024-08-16,102.55,111.0625,8.3008,11.3668,10.3442,2.1435,1.9292,39133080000.0,12.9076,4.6763,10.0,1.0,6.1259,21.2663,11.856744642857144,5.837081250544465,10.183254761904765,3.1269316087334875,17.69382589340161,7.056323153171276
2024-08-19,103.0,111.0625,7.8277,11.4167,10.3506,2.1529,1.9301,39304800000.0,12.9076,4.6763,10.0,1.0,6.1259,21.2663,11.838211507936508,5.835011166231444,10.15307380952381,3.1312004190642333,17.673222674167953,7.021873390459577
2024-08-20,102.8,111.0625,8.0375,11.3945,10.354,2.1488,1.932,39228480000.0,12.9076,4.6763,10.0,1.0,6.1259,21.2663,11.82014365079365,5.832648289252665,10.103515079365078,3.114701899497005,17.652791940046313,6.988813179868073
2024-08-21,104.6,111.0625,6.1783,11.594,10.3573,2.1864,1.934,39915360000.0,12.9076,4.6763,10.0,1.0,6.1259,21.2663,11.799893253968254,5.834486960867624,10.032133333333334,3.100635670129508,17.63438021483588,6.931497663203826
2024-08-22,106.51,112.0,5.1544,11.8057,10.36,2.2263,1.9348,40644216000.0,12.9076,4.6763,10.0,1.0,6.1259,21.2663,11.774225992063492,5.835212070611006,9.957512698412696,3.1040136347376,17.6094380626745,6.8534990636750965
2024-08-23,109.02,112.0,2.7334,12.0839,10.3604,2.2788,1.9351,41602032000.0,12.9076,4.6763,10.0,1.0,6.1259,21.2663,11.739465674603174,5.836786710641279,9.87898888888889,3.160563458732481,17.57625238524445,6.718425430156408
2024-08-26,109.49,112.0,2.2924,12.136,10.363,2.2886,1.9362,41781384000.0,12.9076,4.6763,10.0,1.0,6.1259,21.2663,11.704138293650796,5.839981271540996,9.796861904761906,3.222081639806263,17.544119565191792,6.574780264955644
2024-08-27,110.68,112.0,1.1926,12.2679,10.3632,2.3135,1.9368,42235488000.0,12.9076,4.6763,10.0,1.0,6.1259,21.2663,11.66759861111111,5.848033394844304,9.705392063492065,3.3011192005766747,17.515632005955414,6.404272862915388
2024-08-28,111.01,112.0,0.8918,12.3045,10.3633,2.3204,1.9374,42361416000.0,12.9076,4.6763,10.0,1.0,6.1259,21.2663,11.633523214285717,5.860699281314492,9.62227619047619,3.389666833762288,17.494222495600205,6.232609356713903
2024-08-29,112.81,112.0,-0.718,12.504,10.3652,2.358,1.9392,43048296000.0,12.9076,4.6774,10.0,1.0,6.1259,21.2663,11.592274007936508,5.874337296504162,9.519421428571428,3.5042341465513727,17.46661130444067,6.015187282020055
2024-08-30,113.09,112.4706,-0.5477,12.5696,10.3699,2.3638,1.9397,43155144000.0,12.9076,4.6265,11.0,1.0,6.1259,21.2663,11.550023015873016,5.884933210313128,9.41362619047619,3.604714801083168,17.434956226186145,5.808911389393022
2024-09-03,113.25,112.4706,-0.6882,12.5874,10.3741,2.3672,1.9422,43216200000.0,12.9076,4.6265,11.0,1.0,6.1259,21.2663,11.504874404761903,5.891373046774538,9.306407936507938,3.702142391893646,17.396247451536443,5.604265544614292
2024-09-04,113.32,112.4706,-0.7496,12.5952,10.3748,2.3686,1.9427,43242912000.0,12.9076,4.6265,11.0,1.0,6.1259,21.2663,11.459498015873017,5.897520185357172,9.19899365079365,3.795580583146519,17.357018201230186,5.403413067647131
2024-09-05,112.19,112.4706,0.2501,12.4696,10.3799,2.345,1.9434,42811704000.0,12.9076,4.6265,11.0,1.0,6.1259,21.2663,11.416105158730158,5.899382918969141,9.113924603174604,3.8748859584288864,17.3154880776993,5.239038644745716
2024-09-06,110.45,112.4706,1.8294,12.2762,10.3894,2.3087,1.9436,42147720000.0,12.9076,4.6265,11.0,1.0,6.1259,21.2663,11.374674404761905,5.893225549376515,9.030040476190475,3.917376608173904,17.26789995413842,5.112663868016573
2024-09-09,111.73,113.0,1.1367,12.4184,10.4094,2.3354,1.9449,42636168000.0,12.9076,4.6265,11.0,1.0,6.1259,21.2663,11.32938253968254,5.883991180842705,8.939844444444445,3.9673259229572255,17.213373720525247,4.972518521487219
2024-09-10,111.28,113.0,1.5457,12.3684,10.4104,2.326,1.9454,42464448000.0,12.9076,4.6265,11.0,1.0,6.1259,21.2663,11.290765873015872,5.884208016984326,8.879588095238097,4.02157779438079,17.1749738900002,4.858010300857306
2024-09-11,109.75,113.0,2.9613,12.1984,10.4128,2.294,1.9457,41880600000.0,12.9076,4.6265,11.0,1.0,6.1259,21.2663,11.256663095238094,5.882573156571206,8.836378571428572,4.055812923350467,17.1392362518093,4.780565648078105
2024-09-12,110.26,113.0,2.485,12.2551,10.4128,2.3047,1.946,42075216000.0,12.9076,4.6265,11.0,1.0,6.1259,21.2663,11.221871428571427,5.88249473725338,8.790145238095237,4.09487126761473,17.104366165824807,4.695273970480507
2024-09-13,112.02,113.0,0.8748,12.4507,10.4135,2.3415,1.9461,42746832000.0,12.9076,4.6265,11.0,1.0,6.1259,21.2663,11.18676746031746,5.89135741324093,8.731415873015873,4.154947655321972,17.07812487355839,4.576468217693901
2024-09-16,114.22,113.0,-1.0681,12.6952,10.4149,2.3875,1.9485,43586352000.0,12.9076,4.6265,11.0,1.0,6.1259,21.2663,11.147608531746032,5.907102315032684,8.665215873015873,4.2438665304443255,17.054710846778715,4.421349342571547
2024-09-17,113.96,113.0,-0.8424,12.6663,10.4156,2.382,1.949,43487136000.0,12.9076,4.6265,11.0,1.0,6.1259,21.2663,11.108747222222222,5.921438794536932,8.596336507936508,4.327040951626878,17.030186016759153,4.26929555630963
2024-09-18,113.04,113.0,-0.0354,12.564,10.4162,2.3628,1.9496,43136064000.0,12.9076,4.6265,11.0,1.0,6.1259,21.2663,11.07278273809524,5.933980970197921,8.53638253968254,4.393907883041272,17.00676370829316,4.1424746566412685
2024-09-19,111.42,114.2941,2.5795,12.3196,10.4204,2.3291,1.9505,42517872000.0,12.9075,4.6145,11.0,1.0,6.1259,21.2663,11.038178571428572,5.932553503434245,8.5023626984127,4.423439165440957,16.970732074862816,4.078923532971743
2024-09-20,113.24,114.2941,0.9309,12.5232,10.4232,2.3671,1.9508,43212384000.0,12.9075,4.6008,11.0,1.0,6.1259,21.2663,11.005118253968254,5.942370303714235,8.436480952380952,4.474013448468145,16.94748855768249,3.962467503912808
2024-09-23,113.66,114.2941,0.5579,12.5697,10.4364,2.3759,1.9523,43372656000.0,12.9075,4.6008,11.0,1.0,6.1259,21.2663,10.966041468253968,5.946192886747591,8.367543650793651,4.528064219199956,16.91223435500156,3.839479431593696
2024-09-24,113.35,114.2941,0.8329,12.5354,10.4437,2.3694,1.9523,43254360000.0,12.9075,4.6008,11.0,1.0,6.1259,21.2663,10.918829166666669,5.931951310395975,8.302107142857144,4.577027350972257,16.850780477062642,3.725079791884888
2024-09-25,113.07,114.2941,1.0826,12.5053,10.451,2.3636,1.953,43147512000.0,12.9075,4.5744,11.0,1.0,6.1259,21.2663,10.86721507936508,5.904018910060178,8.234829365079365,4.620490972025628,16.77123398942526,3.614338393053737
2024-09-26,112.57,114.2941,1.5316,12.45,10.4516,2.3531,1.9542,42956712000.0,12.9075,4.5744,11.0,1.0,6.1259,21.2663,10.811635714285714,5.85953563951015,8.179574603174604,4.65883992732841,16.671171353795863,3.520734675846194
2024-09-27,113.41,114.2941,0.7796,12.5429,10.4628,2.3707,1.9547,43277256000.0,12.9075,4.5744,11.0,1.0,6.1259,21.2663,10.74574365079365,5.784626130692244,8.127294444444445,4.704766504374945,16.530369781485895,3.4225279400695
2024-09-30,111.88,114.2941,2.1578,12.3736,10.4638,2.3387,1.9568,42693408000.0,12.9075,4.5744,11.0,1.0,6.1259,21.2663,10.691406746031744,5.736119168606496,8.080990476190475,4.7347227312513365,16.42752591463824,3.346267744939139
2024-10-01,113.51,114.2941,0.6908,12.5539,10.4639,2.3728,1.9574,43315416000.0,12.9075,4.5744,11.0,1.0,6.1259,21.2663,10.64207757936508,5.714925599698759,8.015361904761905,4.779539291167789,16.357003179063838,3.235822613594116
2024-10-02,113.74,115.2353,1.3147,12.5795,10.464,2.3776,1.9577,43403184000.0,12.9075,4.5748,11.0,1.0,6.1259,21.2663,10.60137857142857,5.708148944874808,7.961623015873015,4.816662343592872,16.30952751630338,3.144960672280143
2024-10-03,112.85,115.2353,2.1137,12.4811,10.4664,2.359,1.9582,43063560000.0,12.9075,4.5748,11.0,1.0,6.1259,21.2663,10.560725595238097,5.695452601661478,7.899677777777777,4.841416065241839,16.256178196899572,3.0582617125359377
2024-10-04,114.86,115.2353,0.3267,12.7034,10.472,2.401,1.96,43830576000.0,12.9075,4.5748,11.0,1.0,6.1259,21.2663,10.520675,5.69630686846235,7.844984126984127,4.8878807006130565,16.21698186846235,2.957103426371071
2024-10-07,107.79,115.5294,7.1801,11.9338,10.4774,2.2532,1.9623,41132664000.0,12.9083,4.4431,11.0,1.0,6.1259,21.2663,10.505812103174602,5.695228830978487,7.8415325396825395,4.8881979461036815,16.201040934153088,2.953334593578858
2024-10-08,109.91,117.8824,7.2536,12.1628,10.4802,2.2883,1.9624,41941656000.0,13.1126,4.5184,11.0,1.0,6.1259,21.2663,10.487631944444445,5.690946712556702,7.807485714285714,4.877134354642472,16.178578657001147,2.9303513596432422
2024-10-09,113.09,118.9412,5.1739,12.5355,10.4829,2.3551,1.9627,43155144000.0,13.0918,4.355,11.0,1.0,6.1259,21.2663,10.465862301587302,5.690244851273301,7.75118253968254,4.866164162525989,16.156107152860603,2.885018377156551
2024-10-10,113.9,119.8824,5.2523,12.625,10.4859,2.372,1.9637,43464240000.0,13.0918,4.342,11.0,1.0,5.9505,21.2663,10.43249107142857,5.671334804133476,7.686914285714286,4.845055469514652,16.103825875562045,2.8418588161996343
2024-10-11,114.4,120.4706,5.3065,12.668,10.4867,2.3824,1.965,43655040000.0,13.0918,4.3396,11.0,1.0,5.9505,21.2663,10.403528373015874,5.660132376843117,7.6097785714285715,4.804481813700277,16.06366074985899,2.8052967577282946
2024-10-14,111.09,120.7647,8.7089,12.277,10.4969,2.3136,1.9665,42391944000.0,13.0886,4.3219,12.0,1.0,5.9505,21.2663,10.38106111111111,5.64428716719133,7.554646031746031,4.750975077613403,16.02534827830244,2.8036709541326283
2024-10-15,108.06,120.7647,11.7571,11.9422,10.5002,2.2505,1.9666,41235696000.0,13.0886,4.3219,12.0,1.0,5.9505,21.2663,10.358922817460316,5.616843917894353,7.534818253968254,4.727943741956294,15.975766735354668,2.80687451201196
2024-10-16,107.47,120.7647,12.3706,11.877,10.5035,2.2382,1.9666,41010552000.0,13.0886,4.3219,12.0,1.0,5.9505,21.2663,10.34810992063492,5.607689688887852,7.517557936507936,4.706064593119826,15.955799609522773,2.8114933433881104
2024-10-17,108.25,120.7647,11.5609,11.9632,10.5058,2.2545,1.9669,41308200000.0,13.0886,4.3219,12.0,1.0,5.9505,21.2663,10.333054365079366,5.594184193641284,7.501431746031746,4.688528789659256,15.92723855872065,2.81290295637249
2024-10-18,108.53,120.7647,11.2731,11.9941,10.5078,2.2603,1.9678,41415048000.0,13.0886,4.3219,12.0,1.0,5.9505,21.2663,10.322738095238096,5.587630178921852,7.497961111111111,4.685549125880031,15.910368274159948,2.8124119852310807
2024-10-21,108.5,120.7647,11.3039,11.9908,10.5182,2.2597,1.9755,41403600000.0,13.0886,4.3219,12.0,1.0,5.9505,21.2663,10.315143452380951,5.583680921969494,7.5034261904761905,4.689613998787975,15.898824374350449,2.813812191688216
2024-10-22,107.79,120.7647,12.037,11.9123,10.5189,2.2449,1.9764,41132664000.0,13.0886,4.3084,12.0,1.0,5.9505,21.2663,10.309378571428573,5.58039282779462,7.514053968253968,4.698420440201546,15.889771399223193,2.8156335280524223
2024-10-23,107.0,120.7647,12.8642,11.825,10.5196,2.2285,1.9773,40831200000.0,13.0886,4.3084,12.0,1.0,5.9505,21.2663,10.299495833333332,5.571424037233749,7.525684126984127,4.709913032834639,15.870919870567082,2.815771094149488
2024-10-24,107.04,120.7647,12.822,11.8295,10.5236,2.2293,1.9781,40846464000.0,13.0886,4.3084,12.0,1.0,5.9505,21.2663,10.292971428571429,5.566529006697283,7.535649206349206,4.719848439952169,15.85950043526871,2.8158007663970377
2024-10-25,105.3,120.7647,14.6863,11.6372,10.5244,2.193,1.9784,40182480000.0,13.0886,4.3084,12.0,1.0,5.9505,21.2663,10.29532876984127,5.568140409307099,7.53946746031746,4.725478366503466,15.863469179148368,2.813989093813994
2024-10-28,105.66,121.1875,14.6957,11.691,10.527,2.2005,1.9809,40319856000.0,13.0886,4.2207,11.0,1.0,5.9505,21.2663,10.297155753968251,5.569435287745056,7.546837301587301,4.735981112728071,15.86659104171331,2.81085618885923
2024-10-29,104.8,121.1875,15.6369,11.5959,10.5274,2.1826,1.9814,39991680000.0,13.0886,4.2207,11.0,1.0,5.9505,21.2663,10.298860714285714,5.570940928581574,7.565221428571428,4.762991485217741,15.869801642867287,2.8022299433536872
2024-10-30,105.14,121.1875,15.263,11.6335,10.5279,2.1937,1.9819,40195022000.0,13.0886,4.2207,11.0,1.0,5.9505,21.2663,10.306990476190474,5.575196364403511,7.601854761904762,4.804455512885586,15.882186840593985,2.7973992490191755
2024-10-31,98.56,120.5625,22.324,11.001,10.53,2.0364,1.9825,37679488000.0,13.5514,4.4653,13.0,1.0,7.6792,21.2663,10.3431626984127,5.593910629107184,7.68871507936508,4.969401303321191,15.937073327519885,2.719313776043889
2024-11-01,96.02,120.0625,25.0391,10.7176,10.5513,2.0026,1.9837,36708446000.0,13.1408,4.4646,13.0,2.0,4.3396,21.2663,10.387667460317465,5.621413187668493,7.790007936507937,5.188885593321177,16.009080647985954,2.60112234318676
2024-11-04,95.0,120.4375,26.7763,10.5598,10.553,2.0008,1.9846,36318500000.0,12.728,4.7232,13.0,2.0,4.3396,21.2663,10.426126984126984,5.667004695195981,7.930130158730159,5.456592937960712,16.093131679322966,2.4735372207694466
2024-11-05,96.5,120.4375,24.8057,10.7265,10.5542,2.0324,1.9848,36891950000.0,12.728,4.7232,13.0,2.0,4.3396,21.2663,10.463632936507937,5.699467675563853,8.061523015873016,5.65989961016497,16.163100612071787,2.4016234057080457
2024-11-06,101.7,120.4375,18.4243,11.3045,10.5554,2.1419,1.9849,38879910000.0,12.728,4.7232,13.0,2.0,4.3396,21.2663,10.48639007936508,5.708320508361736,8.148523015873016,5.734375177292255,16.194710587726817,2.414147838580761
2024-11-07,99.8,120.4375,20.6789,11.1073,10.5564,2.1041,1.9853,38153540000.0,12.8905,4.7363,13.0,2.0,4.3396,21.2663,10.514852182539684,5.7233178853540725,8.25940873015873,5.840387868613069,16.238170067893755,2.419020861545661
2024-11-08,101.85,120.4375,18.2499,11.3426,10.5568,2.1473,1.9856,38937255000.0,12.8905,4.3755,14.0,2.0,4.3396,21.2663,10.54267738095238,5.726771561511543,8.354571428571429,5.904869271736393,16.269448942463924,2.449702156835036
2024-11-11,100.5,120.4375,19.8383,11.1923,10.5586,2.1189,1.9882,38421150000.0,12.8905,4.3755,14.0,2.0,4.3396,21.2663,10.57261507936508,5.73585948906877,8.443907936507935,5.992831635006613,16.30847456843385,2.451076301501322
2024-11-12,101.12,120.4375,19.1035,11.2613,10.5592,2.1319,1.9886,38658176000.0,12.8905,4.3755,14.0,2.0,4.3396,21.2663,10.60051726190476,5.7430959382499855,8.527324603174604,6.067606974307859,16.343613200154746,2.459717628866745
2024-11-13,101.18,120.4375,19.0329,11.268,10.5598,2.1332,1.989,38681114000.0,12.8905,4.3755,14.0,2.0,4.3396,21.2663,10.631276984126984,5.7466665815642655,8.60991746031746,6.139367796978141,16.37794356569125,2.4705496633393187
2024-11-14,100.05,120.4375,20.3773,11.1423,10.5675,2.1094,1.9895,38249115000.0,12.8905,4.3722,14.0,2.0,4.3396,21.2663,10.658806150793652,5.7600664692519095,8.71146746031746,6.227419968581871,16.418872620045562,2.4840474917355886
2024-11-15,101.83,119.4375,17.2911,11.3561,10.5676,2.1469,1.9899,38929609000.0,13.0442,4.3491,14.0,2.0,3.9972,21.2663,10.6786748015873,5.765647175709837,8.806870634920635,6.266237513328897,16.444321977297136,2.540633121591738
2024-11-18,96.98,119.4375,23.1568,10.8155,10.5696,2.0446,1.9906,37075454000.0,13.0442,4.3499,14.0,2.0,3.9972,21.2663,10.709613690476193,5.790681006764054,8.941987301587302,6.390419282519496,16.500294697240246,2.5515680190678056
2024-11-19,95.69,119.4375,24.8171,10.6716,10.5708,2.0174,1.9912,36582287000.0,13.0442,4.3499,14.0,2.0,3.9972,21.2663,10.74501746031746,5.822254703400101,9.10254523809524,6.532678309748359,16.56727216371756,2.56986692834688
2024-11-20,95.71,119.4375,24.791,10.6738,10.571,2.0179,1.9912,36589933000.0,13.0442,4.3499,14.0,2.0,3.9972,21.2663,10.779177380952383,5.854034573777123,9.27138253968254,6.660828092363007,16.633211954729507,2.610554447319532
2024-11-21,98.59,119.4375,21.1457,11.0111,10.5733,2.0786,1.9924,37690957000.0,13.0442,4.3513,14.0,2.0,3.9972,21.2663,10.8102498015873,5.867425584352304,9.40508253968254,6.728956128090911,16.677675385939605,2.67612641159163
2024-11-22,99.69,119.4375,19.8089,11.1339,10.577,2.1018,1.9935,38111487000.0,13.0442,4.3513,14.0,2.0,3.9972,21.2663,10.83680257936508,5.877818749754282,9.53530634920635,6.770469048138311,16.714621329119364,2.764837301068039
2024-11-25,100.06,119.4375,19.3659,11.1753,10.5837,2.1096,1.995,38252938000.0,13.0442,4.3513,14.0,2.0,3.9972,21.2663,10.863597222222223,5.88586808915846,9.653105555555555,6.811565044637568,16.749465311380682,2.841540510917989
2024-11-26,100.41,119.4375,18.9498,11.2144,10.5855,2.117,1.9952,38386743000.0,13.0442,4.3513,14.0,2.0,3.9972,21.2663,10.890543253968254,5.891747444550843,9.758953174603176,6.851786161773392,16.7822906985191,2.9071670128297846
2024-11-27,100.74,119.4375,18.5602,11.2512,10.5873,2.1239,1.9952,38512902000.0,13.0442,4.3513,14.0,2.0,3.9972,21.2663,10.919136904761906,5.893934139511674,9.860551587301588,6.886817447369792,16.81307104427358,2.973734139931796
2024-11-29,100.72,119.4375,18.5837,11.249,10.5949,2.1235,1.9952,38505256000.0,13.0442,4.3513,14.0,2.0,3.9972,21.2663,10.942683730158729,5.900811307106861,9.972314285714289,6.91336845353651,16.84349503726559,3.058945832177777
2024-12-02,99.3,119.4375,20.2795,11.0904,10.6085,2.0936,1.9956,37962390000.0,13.0442,4.3513,14.0,2.0,3.9972,21.2663,10.973041666666669,5.909421174028565,10.089951587301588,6.961862444348995,16.882462840695233,3.128089142952593
2024-12-03,99.53,119.4375,20.0015,11.1161,10.6103,2.0984,1.9962,38050319000.0,13.0442,4.3513,14.0,2.0,3.9972,21.2663,11.00608134920635,5.913262644613694,10.193493650793652,7.011705852561048,16.919343993820043,3.1817877982326044
2024-12-04,98.48,119.4375,21.281,10.9988,10.6108,2.0763,1.9968,37648904000.0,13.0442,4.3513,14.0,2.0,3.9972,21.2663,11.041145039682538,5.921701435575933,10.297142063492064,7.078526401689549,16.962846475258473,3.218615661802515
2024-12-05,98.49,119.4375,21.2687,10.9999,10.6118,2.0765,1.9972,37652727000.0,13.0442,4.3513,14.0,2.0,3.9972,21.2663,11.07903373015873,5.925935415805581,10.40363015873016,7.142075692337813,17.00496914596431,3.2615544663923464
2024-12-06,97.83,119.4375,22.0868,10.9262,10.6118,2.0626,1.9977,37400409000.0,13.0442,4.3513,14.0,2.0,3.9972,21.2663,11.113646428571428,5.939194393364606,10.520781746031744,7.211906359108083,17.052840821936034,3.3088753869236616
2024-12-09,95.9,119.4375,24.5438,10.7107,10.6108,2.0219,1.998,36662570000.0,13.0442,4.3513,14.0,2.0,3.9972,21.2663,11.15783253968254,5.956115652057811,10.65751746031746,7.313254834045657,17.11394819174035,3.344262626271804
2024-12-10,93.35,119.4375,27.9459,10.4256,10.6103,1.9681,1.998,35687705000.0,13.0442,4.3505,14.0,2.0,3.9972,21.2663,11.207452976190476,5.991561700190312,10.812701587301587,7.470575056794284,17.199014676380788,3.342126530507304
2024-12-11,94.07,119.4375,26.9666,10.506,10.6085,1.9833,1.998,35962961000.0,13.0442,4.3505,14.0,2.0,3.9972,21.2663,11.25475119047619,6.021672708620056,10.956469047619048,7.605622050325255,17.276423899096244,3.350846997293793
2024-12-12,93.92,119.4375,27.1694,10.4893,10.6067,1.9801,1.9978,35905616000.0,13.0442,4.3505,14.0,2.0,3.9972,21.2663,11.300679563492062,6.054580394839351,11.101759523809523,7.7389930879429025,17.355259958331413,3.3627664358666207
2024-12-13,93.42,119.4375,27.85,10.4334,10.6022,1.9696,1.9978,35714466000.0,13.0442,4.3505,14.0,2.0,3.9972,21.2663,11.347820833333332,6.090719615690761,11.235661904761905,7.881487630084602,17.438540449024096,3.3541742746773027
2024-12-16,91.34,119.4375,30.7614,10.2011,10.6067,1.9257,1.998,34919282000.0,13.0442,4.3505,14.0,2.0,3.9972,21.2663,11.39738253968254,6.146714738081156,11.40998253968254,8.06781726913619,17.544097277763697,3.3421652705463494
2024-12-17,90.53,119.4375,31.9314,10.1107,10.6044,1.9087,1.998,34609619000.0,13.0442,4.3505,14.0,2.0,3.9972,21.2663,11.447736706349207,6.210568861849507,11.60720873015873,8.262539989867681,17.658305568198713,3.3446687402910484
2024-12-18,88.71,119.4375,34.6381,9.9074,10.6022,1.8703,1.9978,33913833000.0,13.0442,4.3505,14.0,2.0,3.9972,21.2663,11.504957738095236,6.290756165202946,11.839603968253968,8.493874982535567,17.795713903298182,3.3457289857184005
2024-12-19,88.99,119.0,33.7229,9.9304,10.6022,1.8716,1.9978,34020877000.0,13.1875,4.4009,14.0,2.0,3.9972,21.2663,11.561325992063493,6.362043624563835,12.060140476190476,8.697645054594261,17.923369616627326,3.362495421596215
2024-12-20,90.99,119.0,30.7836,10.1535,10.6022,1.9137,1.9978,34785477000.0,13.1875,4.4009,14.0,2.0,3.9972,21.2663,11.610171031746033,6.414819899347696,12.261781746031746,8.83488835205876,18.02499093109373,3.426893393972985
2024-12-23,92.09,119.0,29.2214,10.2763,10.6067,1.9368,1.998,35206007000.0,13.1875,4.4009,14.0,2.0,3.9972,21.2663,11.66167003968254,6.451778425091472,12.448731746031749,8.942761606113827,18.113448464774013,3.5059701399179204
2024-12-24,92.67,119.0,28.4126,10.341,10.6044,1.949,1.998,35427741000.0,13.1875,4.4009,14.0,2.0,3.9972,21.2663,11.71518611111111,6.47863542784769,12.609257936507936,9.046569761993544,18.1938215389588,3.562688174514392
2024-12-26,92.93,119.0,28.0534,10.37,10.6044,1.9545,1.998,35527139000.0,13.1875,4.4009,14.0,2.0,3.9972,21.2663,11.766356349206353,6.505627131069514,12.777557142857145,9.135342414630554,18.271983480275864,3.642214728226589
2024-12-27,92.34,119.0,28.8716,10.3042,10.5949,1.9421,1.998,35301582000.0,13.1875,4.4009,14.0,2.0,3.9972,21.2663,11.820846626984126,6.533651906234135,12.94634126984127,9.234925632543156,18.354498533218266,3.7114156372981135
2024-12-30,91.89,119.0,29.5027,10.254,10.577,1.9326,1.998,35129547000.0,13.1875,4.4009,14.0,2.0,3.9972,21.2663,11.877348214285714,6.563177829311138,13.11809761904762,9.340244444693816,18.44052604359685,3.777853174353803
2024-12-31,92.35,119.0,28.8576,10.3053,10.5752,1.9423,1.998,35305405000.0,13.1875,4.4009,14.0,2.0,3.9972,21.2663,11.929303769841267,6.593735738386778,13.279169841269844,9.435562632723212,18.523039508228045,3.843607208546631
2025-01-02,91.38,117.5,28.5839,10.1704,10.5722,1.9268,1.998,34934574000.0,13.0494,4.53,14.0,2.0,3.9972,21.2663,11.9823625,6.619946454289188,13.417334920634922,9.531477384584733,18.602308954289185,3.885857536050189
2025-01-03,91.4,117.5,28.5558,10.1731,10.5708,1.9272,1.998,34942220000.0,13.0493,4.5301,14.0,2.0,3.9972,21.2663,12.034303174603174,6.647079835781256,13.559771428571429,9.62283184521358,18.68138301038443,3.9369395833578498
2025-01-06,90.74,117.5,29.4909,10.0996,10.5722,1.9133,1.9984,34689902000.0,13.0493,4.5301,14.0,2.0,3.9972,21.2663,12.086769841269843,6.68028352218541,13.707583333333334,9.723643918661327,18.76705336345525,3.9839394146720064
2025-01-07,92.25,117.5,27.3713,10.2776,10.571,1.9458,1.998,35267175000.0,13.0426,4.5608,14.0,2.0,3.9972,21.2663,12.136040674603176,6.701265740254056,13.83623888888889,9.796644869259833,18.83730641485723,4.0395940196290585
2025-01-08,92.66,117.4375,26.7402,10.3233,10.5708,1.9544,1.998,35423918000.0,13.0426,4.5598,14.0,2.0,3.9972,21.2663,12.184608928571429,6.718242296494863,13.94976507936508,9.862944261209742,18.902851225066293,4.086820818155337
2025-01-10,90.17,117.4375,30.2401,10.0753,10.571,1.9014,1.998,34471991000.0,13.0713,4.5919,14.0,2.0,3.9972,21.2663,12.23978234126984,6.752094280337154,14.086980158730158,9.96863635303458,18.991876621606995,4.118343805695577
2025-01-13,90.83,117.3125,29.1561,10.1421,10.5733,1.9153,1.9987,34724309000.0,13.0713,4.5983,14.0,2.0,3.9972,21.2663,12.28881607142857,6.785014872988781,14.210946825396826,10.058450231320393,19.073830944417352,4.152496594076435
2025-01-14,91.99,117.3125,27.5274,10.3257,10.5722,1.9397,1.9984,35167777000.0,13.0713,4.5937,14.0,2.0,3.9109,21.2663,12.335932539682538,6.808226551447673,14.32810873015873,10.12721490006816,19.144159091130213,4.200893830090571
2025-01-15,93.62,117.3125,25.3071,10.5087,10.571,1.9741,1.998,35790926000.0,13.0713,4.5971,14.0,2.0,3.9109,21.2663,12.3767746031746,6.824187977451943,14.427188095238096,10.173336324039251,19.200962580626545,4.253851771198843
2025-01-16,96.1,117.3125,22.0734,10.7871,10.5722,2.0264,1.9984,36739030000.0,13.0713,4.5971,14.0,2.0,3.9109,21.2663,12.411925396825396,6.828424226977101,14.507556349206348,10.193564980974946,19.24034962380249,4.313991368231402
2025-01-17,95.51,116.9375,22.4348,10.7209,10.5752,2.014,1.9996,36513473000.0,13.0713,4.5971,14.0,2.0,3.9109,21.2663,12.445790674603174,6.83573461150869,14.594139682539682,10.214342322738752,19.281525286111865,4.37979735980093
2025-01-21,94.88,116.125,22.3914,10.6607,10.5875,2.0015,2.0008,36272624000.0,13.0437,4.5726,14.0,2.0,3.9109,21.2663,12.478944444444444,6.843380889793547,14.660668253968252,10.237771475969929,19.32232533423799,4.422896777998323
2025-01-22,93.21,116.125,24.5843,10.473,10.5874,1.9663,2.0008,35634183000.0,13.0437,4.5726,14.0,2.0,3.9109,21.2663,12.512687896825396,6.861070805725926,14.749003968253968,10.275226446177404,19.37375870255132,4.473777522076565
2025-01-23,93.02,116.125,24.8387,10.4517,10.5874,1.9623,2.0008,35561546000.0,13.0437,4.5726,14.0,2.0,3.9109,21.2663,12.544150793650797,6.881174197323829,14.83617777777778,10.314098960897242,19.425324990974623,4.522078816880537
2025-01-24,92.76,116.125,25.1887,10.4225,10.5874,1.9568,2.0008,35462148000.0,13.0437,4.5726,14.0,2.0,3.9109,21.2663,12.57308849206349,6.903629382981137,14.927723015873015,10.354632160382396,19.476717875044628,4.573090855490621
2025-01-27,96.52,116.125,20.3119,10.8449,10.6044,2.0361,2.0008,36899596000.0,13.0437,4.5726,14.0,2.0,3.9109,21.2663,12.594679166666667,6.910792858017329,14.96213492063492,10.365343088460223,19.505472024684,4.596791832174695
2025-01-28,95.21,116.125,21.9672,10.6978,10.6067,2.0085,2.0009,36398783000.0,13.0437,4.5726,14.0,2.0,3.9109,21.2663,12.622639484126983,6.920161397261124,15.032859523809524,10.382619756005123,19.54280088138811,4.650239767804399
2025-01-29,93.82,116.125,23.7742,10.5416,10.6044,1.9792,2.0008,35867386000.0,13.0437,4.5726,14.0,2.0,3.9109,21.2663,12.656695436507936,6.932736143436536,15.118849999999998,10.409974407520863,19.58943157994448,4.708875592479135
2025-01-30,94.58,116.125,22.7797,10.627,10.6085,1.9952,2.0008,36157934000.0,13.0437,4.5726,14.0,2.0,3.9109,21.2663,12.688614682539685,6.942248651037003,15.207809523809525,10.427290624574916,19.630863333576684,4.780518899234608
2025-01-31,93.07,116.125,24.7717,10.4573,10.6085,1.9633,2.0008,35580661000.0,13.0437,4.5726,14.0,2.0,3.9109,21.2663,12.722206150793651,6.959686715708999,15.280884126984128,10.462013882479098,19.68189286650265,4.818870244505028
2025-02-03,93.1,116.125,24.7315,10.4607,10.6108,1.964,2.0012,35592130000.0,13.0437,4.5726,14.0,2.0,3.9109,21.2663,12.755483928571428,6.976944841971414,15.367640476190475,10.494909304939606,19.73242877054284,4.872731171250871
2025-02-04,92.77,116.125,25.1752,10.4236,10.6103,1.957,2.0009,35465971000.0,13.0438,4.5726,14.0,2.0,3.9109,21.2663,12.790840277777775,6.994654804817229,15.469775396825398,10.527446640698264,19.78549508259501,4.942328756127132
2025-02-05,93.06,116.125,24.7851,10.4562,10.6085,1.9631,2.0008,35576838000.0,13.0438,4.5726,14.0,2.0,3.9109,21.2663,12.824858531746033,7.011226489977583,15.54408015873016,10.56010188665254,19.83608502172361,4.98397827207762
2025-02-06,93.88,116.125,23.6951,10.5483,10.6085,1.9804,2.0008,35890324000.0,13.0438,4.5726,14.0,2.0,3.9109,21.2663,12.8468623015873,7.027917945694748,15.613179365079366,10.584894117965003,19.874780247282047,5.028285247114361
2025-02-07,93.5,116.125,24.1979,10.5056,10.6085,1.9724,2.0008,35745050000.0,13.0438,4.5726,14.0,2.0,3.9109,21.2663,12.869535515873016,7.046081121788122,15.687776984126986,10.612193235897346,19.91561663766113,5.07558374822964
2025-02-10,91.46,116.125,26.9681,10.2764,10.6108,1.9319,2.0012,35010888000.0,13.0438,4.5726,14.0,2.0,3.9109,21.2663,12.900944642857144,7.0735759950750365,15.799679365079363,10.656472087990949,19.97452063793218,5.1432072770884165
2025-02-11,89.6,114.375,27.6507,9.3556,10.6103,1.7784,2.0009,34298880000.0,9.3983,2.6167,4.0,2.0,2.7664,21.2663,12.937918650793652,7.101874005530241,15.920535714285714,10.704112352814391,20.039792656323893,5.216423361471323
2025-02-12,88.26,113.9375,29.093,9.2438,10.6085,1.7518,2.0008,33785928000.0,9.4062,2.7845,4.0,2.0,2.7664,21.2663,12.980450992063494,7.134298290515336,16.045370634920637,10.76559929483585,20.114749282578828,5.279771340084787
2025-02-13,90.16,113.9375,26.3726,9.4428,10.6085,1.7896,2.0008,34513248000.0,9.4062,2.7845,4.0,2.0,2.7664,21.2663,13.01735238095238,7.155384190992776,16.146405555555557,10.802539051325304,20.17273657194516,5.3438665042302524
2025-02-14,88.2,112.4667,27.5133,9.3085,10.6085,1.7568,2.0008,33762960000.0,9.9063,3.5965,6.0,2.0,2.7664,21.2663,13.056916666666668,7.180305173171962,16.284829365079364,10.835773571263388,20.23722183983863,5.449055793815976
2025-02-18,88.33,112.4667,28.3539,9.2492,10.6085,1.7597,2.0009,33812724000.0,9.9063,3.5965,6.0,2.0,2.7664,21.2663,13.101518055555555,7.205375980229753,16.436370634920635,10.870203337579758,20.30689403578531,5.566167297340877
2025-02-19,88.69,112.4667,27.8329,9.2869,10.6067,1.7669,2.0008,33950532000.0,9.9063,3.5965,6.0,2.0,2.7664,21.2663,13.135876984126984,7.234252460557816,16.5913873015873,10.892504081622224,20.3701294446848,5.698883219965078
2025-02-20,89.05,112.4667,27.3161,9.3246,10.6067,1.7741,2.0008,34088340000.0,9.9063,3.5965,6.0,2.0,2.7664,21.2663,13.174694047619049,7.257757072091804,16.74605714285714,10.905423834268335,20.43245111971085,5.840633308588805
2025-02-21,88.13,112.4667,28.6452,9.2283,10.6067,1.7557,2.0008,33736164000.0,9.9063,3.5965,6.0,2.0,2.7664,21.2663,13.213344444444443,7.288168628631747,16.90961031746032,10.928280305371564,20.5015130730762,5.981330012088755
2025-02-24,89.55,112.4667,26.6052,9.377,10.6103,1.784,2.0012,34279740000.0,9.9063,3.5965,6.0,2.0,2.7664,21.2663,13.25021507936508,7.308831216503911,17.071728571428572,10.91932073671144,20.55904629586899,6.152407834717133
2025-02-25,90.35,112.4667,25.4842,9.4607,10.6085,1.8,2.0009,34585980000.0,9.9063,3.5965,6.0,2.0,2.7664,21.2663,13.280854563492063,7.327698462672926,17.23307619047619,10.891983275539303,20.60855302616499,6.341092914936887
2025-02-26,89.57,112.4667,26.577,9.3791,10.6067,1.7844,2.0008,34287396000.0,9.9063,3.5965,6.0,2.0,2.7664,21.2663,13.314915674603174,7.349536260325586,17.42231111111111,10.845079518419164,20.66445193492876,6.5772315926919465
2025-02-27,92.1,112.4667,23.0999,9.644,10.6067,1.8348,2.0008,35255880000.0,9.9063,3.5965,6.0,2.0,2.7664,21.2663,13.343474603174604,7.3595508414995985,17.58745,10.77101792702432,20.703025444674203,6.81643207297568
2025-02-28,92.91,112.4667,22.0267,9.7288,10.6067,1.851,2.0008,35565948000.0,9.9063,3.5965,6.0,2.0,2.7664,21.2663,13.37045515873016,7.366419131243456,17.752799999999997,10.676825113727364,20.736874289973613,7.075974886272634
2025-03-03,92.98,112.4667,21.9348,9.7361,10.6103,1.8524,2.0012,35592744000.0,9.9063,3.5965,6.0,2.0,2.7664,21.2663,13.39737777777778,7.372884865989615,17.919807936507933,10.575067193595313,20.7702626437674,7.344740742912622
2025-03-04,91.87,112.4667,23.4081,9.6199,10.6085,1.8302,2.0009,35167836000.0,9.9063,3.5965,6.0,2.0,2.7664,21.2663,13.42941388888889,7.381246335855576,18.11128492063492,10.452612932989055,20.810660224744467,7.6586719876458655
2025-03-05,91.35,112.4667,24.1106,9.5654,10.6067,1.8199,2.0008,34968780000.0,9.9063,3.5965,6.0,2.0,2.7664,21.2663,13.465752777777778,7.388669696811466,18.306985714285712,10.330594583133808,20.85442247458925,7.976391131151905
2025-03-06,91.38,112.4667,24.0698,9.6021,10.6067,1.8205,2.0008,34980264000.0,9.9063,3.5925,6.0,1.0,2.8627,21.2663,13.501803373015871,7.39600558256844,18.50347777777778,10.201049456912829,20.89780895558432,8.30242832086495
2025-03-07,91.0,112.4667,24.5879,9.5555,10.6067,1.8129,2.0008,34834800000.0,9.9063,3.5914,6.0,1.0,2.8627,21.2663,13.540060714285714,7.403393443305933,18.70456904761905,10.067341374010994,20.94345415759165,8.637227673608056
2025-03-10,90.72,112.4667,24.9724,9.5261,10.6085,1.8073,2.0009,34727616000.0,9.9063,3.7258,6.0,1.0,2.8627,21.2663,13.580246626984128,7.410381198879822,18.90077777777778,9.944963685620047,20.99062782586395,8.955814092157732
2025-03-11,90.09,112.4667,25.8464,9.46,10.6067,1.7948,2.0008,34486452000.0,9.9063,3.7258,6.0,1.0,2.8627,21.2663,13.62008869047619,7.42225604170314,19.09138888888889,9.844803567488528,21.04234473217933,9.246585321400362
2025-03-12,89.16,113.125,26.8786,9.4131,10.6044,1.7762,2.0008,34130448000.0,9.9063,3.338,7.0,1.0,2.8627,21.2663,13.659888888888888,7.439477613151033,19.295689682539685,9.735719952215756,21.09936650203992,9.55996973032393
2025-03-13,90.41,113.125,25.1244,9.5451,10.6044,1.8012,2.0008,34608948000.0,9.9063,3.338,7.0,1.0,2.8627,21.2663,13.690288492063493,7.45497348478402,19.48282222222222,9.617704408731925,21.145261976847515,9.865117813490295
2025-03-14,92.57,113.125,22.2048,9.7729,10.6044,1.8442,2.0008,35435796000.0,9.9063,3.3381,7.0,1.0,2.8627,21.2663,13.709105952380952,7.464484931461213,19.63554841269841,9.50538341857059,21.173590883842166,10.130164994127822
2025-03-17,95.28,113.125,18.729,10.059,10.6085,1.8982,2.0009,36473184000.0,9.9063,3.3381,7.0,1.0,2.8627,21.2663,13.716120238095238,7.467543219773909,19.76446904761905,9.380245444178607,21.183663457869148,10.38422360344044
2025-03-18,93.3,113.125,21.2487,9.85,10.6067,1.8587,2.0008,35715240000.0,9.9063,3.3381,7.0,1.0,2.8627,21.2663,13.736938492063492,7.473898153250073,19.926166666666667,9.226359848954475,21.210836645313567,10.69980681771219
2025-03-19,93.19,113.125,21.3918,9.8384,10.6044,1.8368,2.0008,35673132000.0,9.8926,3.3381,7.0,1.0,2.8627,21.2663,13.741928571428572,7.478175062796899,20.10441984126984,9.0324303739449,21.22010363422547,11.07198946732494
2025-03-20,92.45,113.125,22.3634,9.7602,10.6044,1.8223,2.0008,35389860000.0,9.8926,3.3381,7.0,1.0,2.8627,21.2663,13.760734325396824,7.487927746736712,20.288592857142856,8.83636108598714,21.248662072133538,11.452231771155716
2025-03-21,91.98,113.125,22.9887,9.7106,10.6044,1.813,2.0008,35209944000.0,9.8926,3.3381,7.0,1.0,2.8627,21.2663,13.770424206349205,7.496715455703646,20.47132380952381,8.648781802056739,21.26713966205285,11.82254200746707
2025-03-24,94.01,113.125,20.3329,9.9249,10.6085,1.853,2.0009,35987028000.0,9.8926,3.3381,7.0,1.0,2.8627,21.2663,13.784134722222223,7.502395117187419,20.612223809523808,8.498272144528428,21.28652983940964,12.11395166499538
2025-03-25,94.58,113.125,19.6077,9.9851,10.6067,1.8642,2.0008,36205224000.0,9.8926,3.3381,7.0,1.0,2.8627,21.2663,13.80176369047619,7.505625317992222,20.76045238095238,8.313105223014654,21.30738900846841,12.447347157937726
2025-03-26,95.93,113.125,17.9245,10.1276,10.6044,1.8909,2.0008,36722004000.0,9.8926,3.3381,7.0,1.0,2.8627,21.2663,13.811583928571428,7.507779122584642,20.89828253968254,8.11712789998112,21.31936305115607,12.78115463970142
2025-03-27,96.94,113.125,16.6959,10.2343,10.6044,1.9108,2.0008,37108632000.0,9.8926,3.3381,7.0,1.0,2.8627,21.2663,13.818043849206347,7.508859467852187,21.02417936507936,7.924147403619522,21.326903317058537,13.10003196145984
2025-03-28,95.06,111.9375,17.7546,10.0391,10.6044,1.8737,2.0008,36388968000.0,9.8926,3.3585,7.0,1.0,2.8627,21.2663,13.828137896825396,7.510728555275145,21.156496825396825,7.725195958285399,21.33886645210054,13.431300867111426
2025-03-31,96.18,111.9375,16.3833,10.1574,10.6085,1.8958,2.0009,36817704000.0,9.8926,3.3585,7.0,1.0,2.8627,21.2663,13.83662242063492,7.511195811409033,21.27436746031746,7.534309697620075,21.34781823204396,13.740057762697386
2025-04-01,96.14,111.9375,16.4318,10.1531,10.6067,1.895,2.0008,36802392000.0,9.8926,3.3562,7.0,1.0,2.8627,21.2663,13.846634722222223,7.51128539373966,21.39859126984127,7.31967125923032,21.35792011596188,14.078920010610949
2025-04-02,96.82,111.9375,15.614,10.2343,10.6044,1.9084,2.0008,37062696000.0,9.8926,3.2934,7.0,1.0,2.8627,21.2663,13.858251587301586,7.509478435036556,21.505386507936507,7.132469310014289,21.367730022338144,14.372917197922217
2025-04-03,96.28,111.9375,16.2625,10.1773,10.6044,1.8978,2.0008,36855984000.0,9.8926,3.2934,7.0,1.0,2.8627,21.2663,13.870373015873016,7.508416705259928,21.62897142857144,6.900047088197033,21.378789721132943,14.7289243403744
2025-04-04,87.83,111.9375,27.4479,9.2841,10.6044,1.7312,2.0008,33621324000.0,9.8926,3.2939,7.0,1.0,2.8627,21.2663,13.90472003968254,7.530865086344472,21.836377777777773,6.673590542943237,21.43558512602701,15.162787234834536
2025-04-07,84.99,111.4375,31.1184,8.988,10.6085,1.6743,2.0009,32534172000.0,9.8932,3.309,7.0,1.0,2.8627,21.2663,13.948706746031748,7.566521916019261,22.06657380952381,6.485427660732001,21.51522866205101,15.58114614879181
2025-04-08,86.42,110.8125,28.2255,9.1422,10.6067,1.7039,2.0008,33081576000.0,9.842,3.424,7.0,1.0,2.8627,21.2663,13.984660912698413,7.591231975494138,22.287992857142857,6.207562758869841,21.57589288819255,16.080430098273016
2025-04-09,91.48,110.5625,20.8598,9.6704,10.6044,1.7996,2.0008,35018544000.0,10.0223,3.4132,7.0,1.0,2.8627,21.2663,14.009676587301586,7.593076455048602,22.396561904761903,6.059066292370163,21.602753042350187,16.33749561239174
2025-04-10,90.58,110.5625,22.0606,9.5753,10.6044,1.7819,2.0008,34674024000.0,10.0223,3.4132,7.0,1.0,2.8627,21.2663,14.038165277777775,7.596299556314797,22.51407777777778,5.904641604390685,21.634464834092576,16.609436173387095
2025-04-11,92.13,110.6,20.0478,9.7667,10.6044,1.7979,2.0008,35267364000.0,10.0418,3.4671,7.0,1.0,2.8627,21.2663,14.061516666666666,7.596648866160973,22.632124603174603,5.700346658633053,21.65816553282764,16.93177794454155
2025-04-14,92.87,110.6,19.0912,9.8451,10.6085,1.8123,2.0009,35550636000.0,10.0418,3.4823,7.0,1.0,2.8627,21.2663,14.083372023809522,7.595239691381249,22.741957142857142,5.492324743383965,21.67861171519077,17.24963239947318
2025-04-15,92.46,110.2,19.1867,9.8017,10.6067,1.8043,2.0008,35393688000.0,10.0418,3.4709,7.0,1.0,2.8627,21.2663,14.107964682539682,7.591649568437823,22.85211746031746,5.274709111358829,21.699614250977504,17.577408348958627
2025-04-16,92.38,110.2,19.2899,9.7862,10.6044,1.8027,2.0008,35363064000.0,10.0418,3.458,7.0,1.0,3.201,21.2663,14.133573611111112,7.58730731682051,22.93609365079365,5.129982274600812,21.720880927931624,17.806111376192845
2025-04-17,92.57,110.2,19.045,9.8064,10.6044,1.8065,2.0008,35435796000.0,10.0418,3.458,7.0,1.0,3.201,21.2663,14.157710317460316,7.583535250179016,22.99393412698413,5.04328380511202,21.74124556763933,17.950650321872104
2025-04-21,89.79,110.2,22.7308,9.5119,10.6103,1.7522,2.0012,34371612000.0,10.0418,3.458,7.0,1.0,3.201,21.2663,14.191252182539682,7.583995116354252,23.07615793650794,4.952333671187318,21.77524729889393,18.12382426532062
2025-04-22,92.95,110.2,18.5584,9.8466,10.6085,1.8139,2.0009,35581260000.0,10.0418,3.458,7.0,1.0,3.201,21.2663,14.220293650793652,7.57260693210401,23.13169365079365,4.860552609829309,21.792900582897666,18.271141040964345
2025-04-23,92.51,110.2,19.1223,9.8,10.6067,1.8053,2.0008,35412828000.0,10.0418,3.458,7.0,1.0,3.201,21.2663,14.250110912698414,7.562235994045766,23.19398888888889,4.756537804247402,21.81234690674418,18.437451084641488
2025-04-24,92.1,110.2,19.6526,9.7566,10.6044,1.7973,2.0008,35255880000.0,10.0418,3.458,7.0,1.0,3.201,21.2663,14.281151984126984,7.552212850996372,23.260248412698413,4.646457167343372,21.833364835123355,18.61379124535504
2025-04-25,90.68,110.2,21.5262,9.6061,10.6044,1.7696,2.0008,34712304000.0,10.0418,3.4585,7.0,1.0,3.201,21.2663,14.314442261904762,7.547084345224669,23.335559523809525,4.538745644129852,21.86152660712943,18.796813879679675
2025-04-28,91.19,110.2,20.8466,9.6602,10.6067,1.7795,2.0008,34907532000.0,10.0418,3.4585,7.0,1.0,3.201,21.2663,14.348763095238096,7.537354954784859,23.398911904761903,4.4461815958883495,21.886118050022954,18.952730308873555
2025-04-29,92.39,110.2,19.277,9.7873,10.6044,1.7987,2.0008,35283741000.0,10.0418,3.4585,7.0,1.0,3.201,21.2663,14.38019603174603,7.524772868051816,23.450142063492063,4.359683244995631,21.904968899797844,19.09045881849643
2025-04-30,90.68,110.0,21.3057,9.6802,10.6022,1.8231,2.0008,34630692000.0,9.1181,3.1368,7.0,1.0,1.6605,21.2663,14.41480257936508,7.516415250978466,23.502676984126985,4.292598936759077,21.931217830343545,19.210078047367904
2025-05-01,89.67,110.0,22.672,9.6238,10.6022,1.8028,2.0008,34244973000.0,9.1181,3.135,7.0,1.0,1.6605,21.2663,14.447379166666666,7.516552517904418,23.56598095238095,4.219879574769097,21.963931684571083,19.34610137761185
2025-05-02,92.48,110.6,19.5934,9.9273,10.6022,1.8624,2.0008,35318112000.0,9.0235,3.0936,7.0,1.0,1.6605,21.2663,14.471352777777776,7.513652373262557,23.597381746031747,4.174886624211878,21.985005151040333,19.42249512181987
2025-05-05,92.58,110.4667,19.3203,9.9626,10.6067,1.8681,2.0008,35356302000.0,8.8892,2.9787,7.0,1.0,1.6605,21.2663,14.497117261904762,7.5079584550887635,23.62958253968254,4.125443638225084,22.005075716993524,19.50413890145746
2025-05-06,93.0,110.4667,18.7814,10.0077,10.6044,1.8766,2.0008,35516700000.0,8.8892,2.9787,7.0,1.0,1.6605,21.2663,14.522173214285711,7.501125974310866,23.601466666666667,4.146431117382649,22.02329918859657,19.45503554928402
2025-05-07,92.69,110.4667,19.1787,9.9708,10.6022,1.8704,2.0008,35398311000.0,8.8892,2.9753,7.0,1.0,1.834,21.2663,14.546875396825396,7.495908115022218,23.55495555555556,4.163011292870585,22.042783511847617,19.391944262684973
2025-05-08,94.56,110.4667,16.8218,10.172,10.6022,1.9081,2.0008,36112464000.0,8.8892,2.9753,7.0,1.0,1.834,21.2663,14.559060317460318,7.494602102086564,23.475951587301587,4.195716631780153,22.05366241954688,19.28023495552144
2025-05-09,94.54,110.4667,16.8465,10.1699,10.6022,1.9077,2.0008,36104826000.0,8.8892,2.9753,7.0,1.0,1.834,21.2663,14.57684226190476,7.489364154104285,23.412783333333337,4.235264700596543,22.066206416009045,19.177518632736792
2025-05-12,94.63,110.4667,16.7354,10.2005,10.6067,1.9162,2.0008,36139197000.0,8.8866,2.9654,7.0,1.0,1.834,21.2663,14.598142857142856,7.480182725345715,23.39937936507937,4.253810743101992,22.07832558248857,19.14556862197737
2025-05-13,93.42,110.4667,18.2474,10.0701,10.6044,1.8917,2.0008,35677098000.0,8.8866,2.9654,7.0,1.0,1.834,21.2663,14.623733730158731,7.470535585091853,23.380081746031745,4.271728634647016,22.094269315250585,19.10835311138473
2025-05-14,90.85,110.4667,21.5924,9.793,10.6022,1.8397,2.0008,34695615000.0,8.8866,2.9654,7.0,1.0,1.834,21.2663,14.657612698412697,7.463326308798716,23.40660952380952,4.2499379413713445,22.12093900721141,19.15667158243818
2025-05-15,93.54,110.4667,18.0957,10.083,10.5949,1.8941,2.0008,35722926000.0,8.8866,2.9654,7.0,1.0,1.834,21.2663,14.684795238095235,7.450814825394767,23.392779365079367,4.264453437303533,22.13561006349001,19.12832592777584
2025-05-16,94.59,110.4667,16.7848,10.1962,10.5949,1.9154,2.0008,36123921000.0,8.8866,2.9654,7.0,1.0,1.834,21.2663,14.70827242063492,7.438719222756195,23.374376984126982,4.288048688233981,22.146991643391114,19.086328295893
2025-05-19,95.16,110.8,16.4355,10.2576,10.6044,1.9269,2.0008,36341604000.0,8.8866,2.9654,7.0,1.0,1.834,21.2663,14.726065476190476,7.432088128932574,23.3537626984127,4.315243902200267,22.15815360512305,19.03851879621244
2025-05-20,94.19,110.8,17.6346,10.1531,10.6022,1.9073,2.0008,35971161000.0,8.8866,2.9654,7.0,1.0,1.834,21.2663,14.744578174603172,7.427679315364104,23.33199523809524,4.337239704786476,22.17225748996728,18.99475553330876
2025-05-21,92.85,110.8,19.3323,10.0086,10.5949,1.8802,2.0008,35459415000.0,8.8866,2.9654,7.0,1.0,1.834,21.2663,14.762104960317462,7.428062822897299,23.34819523809524,4.318266421958732,22.19016778321476,19.029928816136508
2025-05-22,91.97,110.8,20.4741,9.9138,10.5949,1.8623,2.0008,35123343000.0,8.8866,2.9654,7.0,1.0,1.834,21.2663,14.78847757936508,7.424692817427103,23.32690396825397,4.325824577661843,22.213170396792183,19.001079390592125
2025-05-23,92.07,110.8,20.3432,9.9245,10.5949,1.8644,2.0008,35161533000.0,8.8866,2.9654,7.0,1.0,1.834,21.2663,14.816604563492064,7.418817042345195,23.291396825396827,4.331852014405499,22.23542160583726,18.95954481099133
2025-05-27,94.62,110.8,17.1,10.1994,10.6022,1.916,2.0008,36135378000.0,8.8866,2.9654,7.0,1.0,1.834,21.2663,14.831074404761903,7.416138697229147,23.230357142857144,4.364614863291801,22.24721310199105,18.865742279565342
2025-05-28,92.98,110.8,19.1654,10.0226,10.5949,1.8828,2.0008,35509062000.0,8.8866,2.9654,7.0,1.0,1.834,21.2663,14.845721825396826,7.417396941565591,23.214640476190475,4.37573291741026,22.263118766962418,18.83890755878021
2025-05-29,94.2,110.8,17.6221,10.1541,10.5875,1.9075,2.0008,35974980000.0,8.8866,2.9654,7.0,1.0,1.834,21.2663,14.852980753968255,7.418322060951912,23.19728492063492,4.393649333500561,22.27130281492017,18.80363558713436
2025-05-30,95.04,110.8,16.5825,10.2447,10.5875,1.9245,2.0008,36295776000.0,8.8866,2.9654,7.0,1.0,1.834,21.2663,14.86008253968254,7.418260975118235,23.175194444444443,4.4199852404513775,22.27834351480077,18.755209203993065
2025-06-02,96.27,110.8,15.093,10.3773,10.6022,1.9494,2.0008,36765513000.0,8.8866,2.9654,7.0,1.0,1.834,21.2663,14.859871031746032,7.418252795295125,23.144584920634923,4.462630206271849,22.27812382704116,18.68195471436308
2025-06-03,95.82,110.8,15.6335,10.3138,10.5949,1.9403,2.0008,36593658000.0,8.8866,3.1253,7.0,1.0,1.834,21.2663,14.861374007936508,7.418332805871293,23.121357142857143,4.494187691308376,22.2797068138078,18.627169451548767
2025-06-04,94.75,110.8,16.9393,10.1986,10.5875,1.9186,2.0008,36185025000.0,8.8866,3.1253,7.0,1.0,1.834,21.2663,14.860562698412696,7.418082647807215,23.108306349206348,4.509830518354155,22.27864534621991,18.598475830852195
2025-06-05,94.57,110.8,17.1619,10.1792,10.5875,1.915,2.0008,36116283000.0,8.8866,3.1253,7.0,1.0,1.834,21.2663,14.860092857142856,7.417929067008445,23.08356349206349,4.533962397560841,22.2780219241513,18.54960109450265
2025-06-06,95.53,110.8,15.9845,10.2825,10.5875,1.9344,2.0008,36482907000.0,8.8866,3.1253,7.0,1.0,1.834,21.2663,14.861327777777776,7.4180646128688625,23.05168253968254,4.569788965912085,22.27939239064664,18.481893573770456
2025-06-09,92.35,110.4,19.5452,9.9545,10.6022,1.8706,2.0008,35268465000.0,8.8669,2.9911,7.0,1.0,1.834,21.2663,14.870911706349206,7.420994782656554,23.03790634920635,4.5777790156841895,22.29190648900576,18.46012733352216
2025-06-10,89.77,110.4,22.981,9.6693,10.5949,1.8195,2.0008,34283163000.0,8.8387,3.0935,7.0,1.0,1.834,21.2663,14.886993055555555,7.4297824246839,23.05149603174603,4.575025654282528,22.316775480239457,18.476470377463503
2025-06-11,89.39,110.4,23.5037,9.6284,10.5875,1.8118,2.0008,34138041000.0,8.8387,3.0935,7.0,1.0,1.834,21.2663,14.904271428571429,7.439688211434416,23.062741269841272,4.574376795835944,22.34395964000585,18.48836447400533
2025-06-12,91.91,110.4,20.1175,9.8998,10.5875,1.8629,2.0008,35100429000.0,8.8387,3.0935,7.0,1.0,1.834,21.2663,14.913997023809523,7.443299287415364,23.027611904761905,4.579904629445497,22.35729631122489,18.447707275316407
2025-06-13,90.99,110.4,21.332,9.8007,10.5875,1.8443,2.0008,34749081000.0,8.8387,3.0935,7.0,1.0,1.834,21.2663,14.927572222222222,7.448761815160122,22.975120634920632,4.560946543678181,22.376334037382343,18.41417409124245
2025-06-16,91.14,110.4,21.1323,9.8169,10.6022,1.8473,2.0008,34806366000.0,8.8387,3.0935,7.0,1.0,1.834,21.2663,14.937559126984125,7.45370800716121,22.92881666666667,4.549701617394173,22.39126713414533,18.379115049272496
2025-06-17,90.15,110.4,22.4626,9.7103,10.5949,1.8272,2.0008,34428285000.0,8.8387,3.0935,7.0,1.0,1.834,21.2663,14.95057718253968,7.461120759455069,22.89146111111111,4.533900825346173,22.41169794199475,18.357560285764936
2025-06-18,90.3,110.4,22.2591,9.7264,10.5875,1.8303,2.0008,34485570000.0,8.8387,3.0935,7.0,1.0,1.834,21.2663,14.961583531746031,7.467812662080528,22.84708888888889,4.512291461122022,22.42939619382656,18.33479742776687
2025-06-20,90.17,110.4,22.4354,9.7124,10.5949,1.8276,2.0008,34435923000.0,8.8387,3.0935,7.0,1.0,1.834,21.2663,14.973170833333334,7.474880207733229,22.781009523809523,4.45607878686943,22.448051041066563,18.324930736940093
2025-06-23,91.11,110.4,21.1722,9.8137,10.6022,1.8467,2.0008,34794909000.0,8.8387,3.0935,7.0,1.0,1.834,21.2663,14.98553511904762,7.479978367040086,22.695619047619047,4.381798405544628,22.46551348608771,18.31382064207442
2025-06-24,90.97,110.4,21.3587,9.7986,10.5949,1.8439,2.0008,34741443000.0,8.8387,3.0935,7.0,1.0,1.834,21.2663,14.994876785714284,7.48500018325823,22.590226984126986,4.2499737563689965,22.47987696897252,18.340253227757984
2025-06-25,89.23,110.4,23.7252,9.6112,10.5875,1.8086,2.0008,34076937000.0,8.8387,3.0935,7.0,1.0,1.834,21.2663,15.012074206349206,7.495095161305587,22.51088015873016,4.132159808855697,22.5071693676548,18.37872034987446
2025-06-26,90.29,110.4,22.2727,9.7253,10.5875,1.8301,2.0008,34481751000.0,8.8387,3.0935,7.0,1.0,1.834,21.2663,15.029030753968255,7.501845289703193,22.44333333333333,4.064861166317883,22.530876043671448,18.37847216701545
2025-06-27,90.32,110.4,22.2321,9.7286,10.5875,1.8307,2.0008,34493208000.0,8.8387,3.0935,7.0,1.0,1.834,21.2663,15.045283531746032,7.508570146508297,22.387862698412697,4.019056375374279,22.553853678254328,18.368806323038417
2025-06-30,91.05,110.4,21.2521,9.8072,10.6022,1.8455,2.0008,34771995000.0,8.8387,3.0935,7.0,1.0,1.834,21.2663,15.055811111111112,7.513553791598176,22.33103333333333,3.983653940030331,22.56936490270929,18.347379393303004
2025-07-01,91.5,110.4,20.6557,9.8557,10.5949,1.8546,2.0008,34943850000.0,8.8387,3.0935,7.0,1.0,1.834,21.2663,15.064896626984128,7.517558096123778,22.272321428571427,3.953038596008939,22.582454723107908,18.31928283256249
2025-07-02,88.38,110.4,24.9151,9.5248,10.5875,1.7926,2.0008,33752322000.0,8.838,3.0897,7.0,1.0,1.834,21.2663,15.084168452380952,7.530349646671742,22.240920634920634,3.915736284650688,22.61451809905269,18.325184350269947
2025-07-03,89.19,110.4,23.7807,9.6384,10.5875,1.809,2.0008,34061661000.0,8.838,2.7503,7.0,1.0,1.834,21.2663,15.105414682539683,7.539763002393928,22.195507936507937,3.8636785175290775,22.64517768493361,18.33182941897886
2025-07-07,89.42,109.4,22.344,9.6807,10.6044,1.8141,2.0012,34149498000.0,8.8155,2.7331,7.0,1.0,1.834,21.2663,15.129265476190476,7.543617103489113,22.14381269841269,3.8171228096351113,22.672882579679587,18.326689888777583
2025-07-08,90.21,109.4,21.2726,9.7906,10.6022,1.8327,2.0009,34451199000.0,8.8081,2.8552,7.0,1.0,1.834,21.2663,15.14844623015873,7.546928883459345,22.085786507936508,3.773765608202992,22.69537511361808,18.312020899733515
2025-07-09,87.92,109.5333,24.5829,9.5387,10.5949,1.7862,2.0008,33576648000.0,8.8081,2.8491,7.0,1.0,1.834,21.2663,15.171423611111113,7.558002759724374,22.05425555555556,3.735679418891305,22.729426370835483,18.318576136664248
2025-07-10,88.56,109.4667,23.6074,9.6186,10.5949,1.7992,2.0008,33821064000.0,8.8081,2.7564,7.0,1.0,1.834,21.2663,15.193637301587302,7.566323577947183,22.00756111111111,3.67831096064413,22.75996087953449,18.32925015046698
2025-07-11,87.84,109.6667,24.8482,9.5414,10.5949,1.7872,2.0008,33546096000.0,8.2656,2.7998,8.0,1.0,1.834,21.2663,15.22085257936508,7.576345939182784,21.987536507936507,3.6556755334706192,22.797198518547862,18.33186097446589
2025-07-14,90.59,108.8667,20.1752,9.8738,10.6044,1.8447,2.0012,34596321000.0,8.2163,2.6165,8.0,1.0,1.834,21.2663,15.23855992063492,7.577477531334075,21.93543333333333,3.634116285161936,22.816037451968995,18.301317048171395
2025-07-15,88.19,108.8667,23.4456,9.6122,10.6022,1.7959,2.0009,33679761000.0,8.2163,2.6165,8.0,1.0,1.834,21.2663,15.265570634920635,7.582429259457808,21.88150873015873,3.559547017203505,22.847999894378443,18.321961712955225
2025-07-16,89.07,108.8667,22.226,9.7081,10.5949,1.8138,2.0008,34015833000.0,8.2163,2.6165,8.0,1.0,1.834,21.2663,15.290274801587302,7.584787951289278,21.826507936507934,3.499273874451056,22.87506275287658,18.32723406205688
2025-07-17,88.66,108.8667,22.7912,9.6634,10.5949,1.8054,2.0008,33859254000.0,8.2163,2.6165,8.0,1.0,1.834,21.2663,15.316127579365078,7.588110628452558,21.788919047619046,3.462793251713634,22.904238207817635,18.32612579590541
2025-07-18,88.35,108.8667,23.2221,9.6296,10.5949,1.7873,2.0008,33740865000.0,8.7946,2.6165,8.0,1.0,1.834,21.2663,15.341787103174603,7.592943950343187,21.77237142857143,3.450807495827077,22.93473105351779,18.32156393274435
2025-07-21,87.55,108.8667,24.348,9.5424,10.6022,1.7711,2.0012,33435345000.0,8.7946,2.6165,8.0,1.0,1.834,21.2663,15.379480357142857,7.590400090458399,21.79042380952381,3.4583362809865337,22.96988044760125,18.33208752853728
2025-07-22,89.0,108.8667,22.3221,9.7005,10.5949,1.8004,2.0009,33989100000.0,8.7946,2.6165,8.0,1.0,1.834,21.2663,15.413748809523808,7.582659897780284,21.78952936507936,3.458182860568537,22.99640870730409,18.331346504510822
2025-07-23,88.62,108.8667,22.8466,9.6591,10.5875,1.7928,2.0008,33843978000.0,8.7946,2.6165,8.0,1.0,1.834,21.2663,15.447525396825396,7.577767708729546,21.793142063492063,3.459054313198292,23.025293105554944,18.33408775029377
2025-07-24,88.0,108.8667,23.7122,9.5915,10.5875,1.7802,2.0008,33607200000.0,8.7946,2.6165,8.0,1.0,1.834,21.2663,15.48623988095238,7.570030146856093,21.786220634920635,3.4542938812628536,23.05627002780848,18.331926753657783
2025-07-25,88.89,108.8667,22.4735,9.6885,10.5875,1.7982,2.0008,33947091000.0,8.7946,2.6165,8.0,1.0,1.834,21.2663,15.524431547619049,7.556591068448879,21.76744920634921,3.443984438681244,23.081022616067926,18.323464767667964
2025-07-28,86.5,108.8667,25.8575,9.428,10.5949,1.7499,2.0009,33034350000.0,8.7946,2.6165,8.0,1.0,1.834,21.2663,15.566613095238091,7.554813500174034,21.772757142857145,3.449809977710043,23.121426595412128,18.322947165147102
2025-07-29,86.12,108.8667,26.4128,9.3867,10.5875,1.7445,2.0008,32716988000.0,8.2162,2.6147,8.0,1.0,1.834,21.2663,15.610330158730156,7.553698017401396,21.821176984126986,3.471886057811406,23.164028176131552,18.34929092631558
2025-07-30,85.61,108.3333,26.5428,9.3469,10.5874,1.7416,2.0008,32523239000.0,8.2545,2.433,8.0,1.0,1.6605,21.2663,15.656121825396824,7.549870748741516,21.857491269841272,3.497262176434928,23.205992574138342,18.360229093406343
2025-07-31,86.06,108.2667,25.8037,9.3614,10.5873,1.7484,2.0008,32694194000.0,8.331,3.022,9.0,1.0,1.6605,21.2663,15.684466865079363,7.561111990126126,21.87359841269841,3.5108078191545395,23.24557885520549,18.36279059354387
2025-08-01,88.0,107.4,22.0455,9.5377,10.5873,1.7742,2.0008,33431200000.0,8.2584,2.9632,10.0,1.0,1.6605,21.2663,15.697238293650791,7.566418076535784,21.867771428571427,3.5099010752749624,23.263656370186578,18.357870353296462
2025-08-04,88.51,107.4,21.3422,9.593,10.5875,1.7845,2.0008,33624949000.0,8.2584,2.9632,10.0,1.0,1.6605,21.2663,15.708931150793653,7.5705861122913936,21.840553174603176,3.5004865649833645,23.279517263085044,18.34006660961981
2025-08-05,88.66,107.4,21.1369,9.6093,10.5874,1.7875,2.0008,33681934000.0,8.2584,2.9632,10.0,1.0,1.6605,21.2663,15.71846388888889,7.574396641711398,21.812024603174606,3.491373116003077,23.292860530600286,18.320651487171528
2025-08-06,89.76,107.4,19.6524,9.7285,10.5873,1.8097,2.0008,34099824000.0,8.2584,2.9364,10.0,1.0,1.6605,21.2663,15.725826984126986,7.576417257442462,21.768192857142857,3.4834715272021053,23.302244241569447,18.28472132994075
2025-08-07,88.86,107.4,20.8643,9.624,10.5873,1.7915,2.0008,33757914000.0,8.2584,2.9382,10.0,1.0,2.0069,21.2663,15.73568373015873,7.579870450867923,21.7370753968254,3.473804857332812,23.31555418102665,18.263270539492584
2025-08-08,88.83,107.4,20.9051,9.6207,10.5873,1.7909,2.0008,33746517000.0,8.2584,2.9382,10.0,1.0,2.0069,21.2663,15.743613293650794,7.5831896297977535,21.714932539682543,3.4701141969641136,23.326802923448547,18.24481834271843
2025-08-11,89.88,106.8125,18.839,9.783,10.5875,1.8156,2.0008,34145412000.0,8.2026,2.5322,11.0,1.0,2.0069,21.2663,15.751920634920635,7.58428478947113,21.67240158730159,3.472278224957882,23.336205424391764,18.200123362343707
2025-08-12,87.78,106.875,21.7532,9.5479,10.5874,1.7732,2.0008,33347622000.0,8.2026,2.5796,11.0,1.0,2.0069,21.2663,15.76040873015873,7.588609933212512,21.631013492063488,3.439576463307031,23.349018663371243,18.191437028756457
2025-08-13,89.95,107.2353,19.2166,9.7366,10.5873,1.817,2.0008,34172005000.0,8.2026,3.0047,12.0,1.0,2.0069,21.2663,15.765783531746033,7.590099444238213,21.5640761904762,3.40336773426378,23.355882975984244,18.16070845621241
2025-08-14,91.46,107.2353,17.2483,9.9001,10.5873,1.8475,2.0008,34745654000.0,8.2026,3.0047,12.0,1.0,2.0069,21.2663,15.765834126984128,7.590109260933452,21.470070634920635,3.357012665595707,23.35594338791758,18.113057969324927
2025-08-15,90.72,107.2353,18.2047,9.82,10.5873,1.8326,2.0008,34464528000.0,8.2026,3.0047,12.0,1.0,2.0069,21.2663,15.767843055555556,7.590621513479981,21.40524603174603,3.340407310437356,23.358464569035537,18.064838721308675
2025-08-18,90.35,107.2353,18.6888,9.7799,10.5875,1.8251,2.0008,34323965000.0,8.2026,3.0047,12.0,1.0,2.0069,21.2663,15.773067063492064,7.591726078980722,21.33521031746032,3.3036257058649827,23.364793142472784,18.03158461159533
2025-08-19,91.84,107.1176,16.635,9.9413,10.5874,1.8552,2.0008,34890016000.0,8.2026,2.9743,12.0,1.0,2.0069,21.2663,15.77424603174603,7.591813877693659,21.242203174603176,3.2692297335227223,23.366059909439688,17.972973441080455
2025-08-20,92.84,107.1176,15.3787,10.0496,10.5873,1.8754,2.0008,35269916000.0,8.2026,2.9743,12.0,1.0,2.0069,21.2663,15.771705555555554,7.591731419130079,21.14336031746032,3.256618193699088,23.36343697468564,17.88674212376123
2025-08-21,93.54,107.1176,14.5153,10.1253,10.5873,1.8895,2.0008,35535846000.0,8.2026,2.9588,12.0,1.0,2.0069,21.2663,15.759164087301588,7.588568663773838,21.041766666666668,3.2621750361621022,23.347732751075423,17.779591630504566
2025-08-22,93.41,107.1176,14.6747,10.1113,10.5873,1.8869,2.0008,35486459000.0,8.2026,2.9588,12.0,1.0,2.0069,21.2663,15.749966071428572,7.587064923731528,20.93088968253968,3.2390141443303264,23.3370309951601,17.691875538209352
2025-08-25,91.88,107.1176,16.5842,9.9457,10.5874,1.856,2.0008,34905212000.0,8.2026,2.9588,12.0,1.0,2.0069,21.2663,15.743640873015874,7.585033652556376,20.85135793650793,3.221553047071509,23.32867452557225,17.629804889436425
2025-08-26,90.9,107.1176,17.8411,9.8396,10.5873,1.8362,2.0008,34532910000.0,8.2026,2.9588,12.0,1.0,2.0069,21.2663,15.738598412698412,7.582788068113278,20.79069841269841,3.2055393366353626,23.32138648081169,17.585159076063054
2025-08-27,91.71,107.1176,16.8003,9.9273,10.5822,1.8526,2.0008,34840629000.0,8.2026,2.9588,12.0,1.0,2.0069,21.2663,15.73412023809524,7.581490591125624,20.71310555555556,3.182601069799373,23.315610829220866,17.530504485756186
2025-08-28,91.2,107.1176,17.4535,9.8721,10.5822,1.8423,2.0008,34646880000.0,8.2026,2.9588,12.0,1.0,2.0069,21.2663,15.730969444444444,7.580443249999258,20.66829285714286,3.188471616838983,23.311412694443703,17.479821240303878
2025-08-29,91.53,107.1176,17.03,9.9078,10.5822,1.8489,2.0008,34772247000.0,8.2026,2.9588,12.0,1.0,2.0069,21.2663,15.724477777777778,7.577921661207708,20.62863650793651,3.2024836118137645,23.30239943898549,17.426152896122744
2025-09-02,91.32,107.1176,17.2992,9.8883,10.5873,1.8447,2.0008,34692468000.0,8.2026,2.9588,12.0,1.0,2.0069,21.2663,15.717136706349203,7.574593138568693,20.59184603174603,3.2139647775953226,23.2917298449179,17.377881254150708
2025-09-03,92.9,107.1176,15.3042,10.0593,10.5822,1.8766,2.0008,35292710000.0,8.2026,2.9588,12.0,1.0,2.0069,21.2663,15.710781547619048,7.573591202058674,20.527529365079364,3.238151197533868,23.28437274967772,17.289378167545497
2025-09-04,92.22,107.1176,16.1544,9.9857,10.5822,1.8629,2.0008,35034378000.0,8.2026,2.9588,12.0,1.0,2.0069,21.2663,15.710200396825396,7.573545811342268,20.46438492063492,3.245287503690547,23.283746208167663,17.219097416944372
2025-09-05,91.29,107.1176,17.3377,9.8768,10.5822,1.8441,2.0008,34681071000.0,8.2026,3.0217,12.0,1.0,2.0069,21.2663,15.711275793650794,7.573738729897936,20.41095555555556,3.240868799036474,23.28501452354873,17.17008675651908
2025-09-08,90.9,107.1176,17.8411,9.8315,10.5874,1.8362,2.0009,34532910000.0,8.2026,3.0211,12.0,1.0,2.0069,21.2663,15.71380138888889,7.574237273261726,20.357409523809523,3.2270108148420893,23.28803866215061,17.130398708967434
2025-09-09,89.61,107.1176,19.5376,9.692,10.5873,1.8102,2.0009,34042839000.0,8.2026,3.0211,12.0,1.0,2.0069,21.2663,15.716186706349204,7.57525375511571,20.3142761904762,3.2010490523057915,23.29144046146492,17.1132271381704
2025-09-10,90.6,107.1176,18.2313,9.799,10.5822,1.8302,2.0008,34418940000.0,8.2026,3.0211,12.0,1.0,2.0069,21.2663,15.717761706349206,7.575694859606335,20.25383888888889,3.1674766477805,23.29345656595554,17.086362241108386
2025-09-11,92.29,107.1176,16.0663,9.9818,10.5822,1.8643,2.0008,35060971000.0,8.2026,3.0211,12.0,1.0,2.0069,21.2663,15.721098214285714,7.575476886025835,20.168026984126985,3.1328373559930096,23.29657510031155,17.03518962813397
2025-09-12,92.26,107.1176,16.1041,9.9861,10.5822,1.8662,2.0008,35049574000.0,8.1397,2.9302,13.0,1.0,2.0069,21.2663,15.72271765873016,7.575471336554517,20.0964373015873,3.12171471602975,23.29818899528468,16.97472258555755
2025-09-15,89.86,107.1176,19.205,9.7264,10.5874,1.8177,2.0012,34137814000.0,8.1397,2.9302,13.0,1.0,2.0069,21.2663,15.73496011904762,7.576104547009147,20.072629365079365,3.11694195541881,23.31106466605677,16.955687409660555
2025-09-16,87.38,107.1176,22.5882,9.4579,10.5873,1.7675,2.0009,33195662000.0,8.1397,2.9302,13.0,1.0,2.0069,21.2663,15.753915277777775,7.581284778090376,20.103257936507937,3.122589243748807,23.33520005586816,16.98066869275913
2025-09-17,87.35,107.1176,22.6303,9.4547,10.5822,1.7669,2.0008,33184265000.0,8.1397,2.9302,13.0,1.0,2.0069,21.2663,15.771608333333337,7.586915680128839,20.11422301587301,3.129062738729486,23.358524013462173,16.985160277143528
2025-09-18,88.19,107.1176,21.4623,9.5456,10.5822,1.7839,2.0008,33503381000.0,8.1397,2.9302,13.0,1.0,2.0069,21.2663,15.789067261904762,7.589871813724273,20.114782539682537,3.129299310735861,23.378939075629035,16.985483228946677
2025-09-19,88.4,107.1176,21.1738,9.5683,10.5822,1.7881,2.0008,33583160000.0,8.1397,2.9302,13.0,1.0,2.0069,21.2663,15.805783928571428,7.592439684314853,20.105341269841272,3.124251306390448,23.39822361288628,16.981089963450824
2025-09-22,88.03,107.1176,21.6831,9.5283,10.5874,1.7807,2.0012,33442597000.0,8.1397,2.9302,13.0,1.0,2.0069,21.2663,15.82787023809524,7.593315589101518,20.094979365079364,3.116767960212957,23.42118582719676,16.978211404866407
2025-09-23,88.46,107.1176,21.0916,9.5748,10.5873,1.7894,2.0009,33605954000.0,8.1397,2.9302,13.0,1.0,2.0069,21.2663,15.85048492063492,7.591983113215011,20.1010007936508,3.117963941715588,23.44246803384993,16.983036851935207
2025-09-24,90.76,107.1176,18.0229,9.8238,10.5822,1.8359,2.0008,34479724000.0,8.1397,2.9302,13.0,1.0,2.0069,21.2663,15.867331944444445,7.587353649517954,20.08842301587301,3.123162008866218,23.4546855939624,16.9652610070068
2025-09-25,89.57,107.1176,19.5909,9.695,10.5752,1.8118,2.0008,34027643000.0,8.1397,2.9302,13.0,1.0,2.0069,21.2663,15.884502182539682,7.585965996701781,20.101648412698413,3.1174483722872943,23.470468179241465,16.984200040411118
2025-09-26,90.88,107.1176,17.8671,9.8368,10.5752,1.8383,2.0008,34525312000.0,8.1397,2.9071,13.0,1.0,2.0069,21.2663,15.90007380952381,7.581955803224877,20.11094365079365,3.1089467567133733,23.482029612748686,17.00199689408028
2025-09-29,89.83,107.1176,19.2448,9.7231,10.5822,1.8171,2.0012,34126417000.0,8.1397,2.9071,13.0,1.0,2.0069,21.2663,15.91889007936508,7.578457815254657,20.122770634920634,3.1027393920356947,23.497347894619736,17.02003124288494
2025-09-30,90.73,107.1176,18.0619,9.8246,10.577,1.8353,2.0009,34468327000.0,8.1397,2.8633,13.0,1.0,2.0069,21.2663,15.935654166666668,7.573824151446838,20.136092857142856,3.0901328791150404,23.509478318113505,17.045959978027817
2025-10-01,90.31,107.1176,18.611,9.7791,10.5752,1.8268,2.0008,34308769000.0,8.1397,2.8633,13.0,1.0,2.0069,21.2663,15.953024801587302,7.569891733533224,20.153388095238096,3.075297168329653,23.52291653512053,17.078090926908445
2025-10-02,89.08,107.1176,20.2488,9.6459,10.5752,1.8019,2.0008,33841492000.0,8.1397,2.8633,13.0,1.0,2.0069,21.2663,15.975140277777776,7.566119294436087,20.190172222222223,3.048165554916836,23.541259572213864,17.142006667305388
2025-10-03,90.79,107.3529,18.2431,9.8196,10.5752,1.8365,2.0008,34491121000.0,8.4088,2.8052,14.0,1.0,2.0069,21.2663,15.988034722222222,7.564432166892553,20.205891269841267,3.032817177846764,23.55246688911477,17.173074091994504
2025-10-06,91.35,107.7059,17.9047,9.8854,10.5752,1.8457,2.0012,34703865000.0,8.482,2.8148,14.0,1.0,2.0069,21.2663,15.999129166666668,7.563131948610253,20.130151587301587,2.9690045418012923,23.56226111527692,17.161147045500293
2025-10-07,94.1,107.9412,14.709,10.163,10.5733,1.8989,2.0009,35748590000.0,8.5243,2.8486,14.0,1.0,2.0069,21.2663,15.996653174603177,7.563350064388799,19.999918253968254,2.8402587581386616,23.56000323899197,17.159659495829594
2025-10-08,93.1,107.9412,15.9411,10.0518,10.5722,1.8799,2.0008,35368690000.0,8.4563,2.8219,14.0,1.0,2.0069,21.2663,16.00377043650794,7.561603005247258,19.902423015873016,2.765501569991469,23.5653734417552,17.136921445881548
2025-10-09,92.23,107.9412,17.0348,9.9579,10.5722,1.8623,2.0008,35038177000.0,8.4563,2.8219,14.0,1.0,2.0069,21.2663,16.015307738095238,7.558725028417652,19.87206587301588,2.775882478352656,23.57403276651289,17.096183394663218
2025-10-10,92.47,107.9412,16.731,9.9838,10.5722,1.8672,2.0008,35129353000.0,8.4563,2.8219,14.0,1.0,2.0069,21.2663,16.027048412698413,7.555224255886532,19.82976746031746,2.782864166683661,23.582272668584945,17.046903293633797
